   0.0000000e+00   1.6861569e+04   2.0521800e+04   1.5607207e+04   1.9744784e+04   2.0139845e+04   1.9550804e+04   2.1134706e+04   2.1194074e+04   1.8974257e+04   2.0576390e+04   1.9953094e+04   2.2454658e+04   2.1608811e+04   1.8576552e+04   1.9659674e+04   1.7861478e+04   1.8528223e+04   1.9865850e+04   1.7797668e+04   3.2247415e+04   3.1513031e+04   2.9054539e+04   2.7609165e+04   3.6083820e+04   2.5703581e+04   3.8611777e+04   3.1503626e+04   2.5770378e+04   3.3352581e+04   3.0946805e+04   3.1036989e+04   4.2804789e+04   3.3082290e+04   3.2491912e+04   3.0726815e+04   2.9463623e+04   3.2567065e+04   3.3277101e+04   3.0149300e+04   2.5844861e+04   2.5251328e+04   2.7546430e+04   2.5103473e+04   2.6808468e+04   2.5824733e+04   2.5119604e+04   2.6102016e+04   2.5247340e+04   2.5438471e+04   2.5735133e+04   2.6607495e+04   2.6563455e+04   2.6348255e+04   2.6130115e+04   2.6031198e+04   2.4316301e+04   2.6511762e+04   2.4719930e+04   2.5349475e+04   2.4950240e+04   2.5297952e+04   2.6817904e+04   2.9798567e+04   2.7696952e+04   2.6136567e+04   2.5933714e+04   2.7706461e+04   2.8829970e+04   2.8841940e+04   2.9441560e+04   2.9748264e+04   2.9926509e+04   2.9743524e+04   2.8559205e+04   2.9025543e+04   2.7460225e+04   2.9031644e+04   2.8859994e+04   2.8087011e+04   2.6034674e+04   2.6882444e+04   2.7339552e+04   2.6536320e+04   2.6279531e+04   2.6006914e+04   2.6734875e+04   2.6212939e+04   2.7904668e+04   2.7295800e+04   2.7473277e+04   2.6702335e+04   2.7313136e+04   2.7092839e+04   2.6841686e+04   2.7844584e+04   2.7609927e+04   2.6729465e+04   2.6538206e+04   2.6373754e+04
   1.6861569e+04   0.0000000e+00   1.7534453e+04   1.3746536e+04   1.9721138e+04   2.0317061e+04   1.9429639e+04   2.1217772e+04   2.0649056e+04   2.0048429e+04   1.9588485e+04   1.9564603e+04   2.1073829e+04   2.0381421e+04   1.9669667e+04   2.0711774e+04   2.0048659e+04   1.9332619e+04   2.0352861e+04   1.8618686e+04   3.3726537e+04   3.1514470e+04   2.7974892e+04   2.6799171e+04   3.6301113e+04   2.7630605e+04   3.7612956e+04   3.0694075e+04   2.6887381e+04   3.1890946e+04   3.0528308e+04   3.0348323e+04   4.3384914e+04   3.3703400e+04   3.2749991e+04   3.0911278e+04   2.8596724e+04   3.0079805e+04   3.2646274e+04   2.9620953e+04   2.9567937e+04   2.8553502e+04   2.8859996e+04   2.8411579e+04   3.0512680e+04   2.8803185e+04   2.8140885e+04   2.8518716e+04   2.8480053e+04   2.8087120e+04   2.8393236e+04   2.9462909e+04   2.9210927e+04   2.8974486e+04   2.8943006e+04   2.8540780e+04   2.8147528e+04   2.9655301e+04   2.7645697e+04   2.6859959e+04   2.8657988e+04   2.6533310e+04   2.7246911e+04   3.0177221e+04   2.9624517e+04   2.8893671e+04   2.7675277e+04   3.0381417e+04   3.1064298e+04   3.0262224e+04   3.0253770e+04   2.9470787e+04   3.1591998e+04   3.1323254e+04   3.0856401e+04   3.0312180e+04   3.0141301e+04   3.0469483e+04   3.0021928e+04   2.9616875e+04   2.7807324e+04   2.8441686e+04   2.8682903e+04   2.8212160e+04   2.9035949e+04   2.8422135e+04   2.9167708e+04   2.8546629e+04   2.8875085e+04   2.8623331e+04   2.8296759e+04   2.8245889e+04   2.9535906e+04   2.9361058e+04   2.9341755e+04   2.9661494e+04   2.8713781e+04   2.8645812e+04   2.8488610e+04   2.8337884e+04
   2.0521800e+04   1.7534453e+04   0.0000000e+00   1.4574453e+04   2.3043477e+04   2.1427637e+04   2.2408990e+04   2.1619141e+04   2.1226611e+04   2.1331804e+04   2.0823450e+04   2.0430912e+04   2.0657730e+04   2.2967272e+04   2.2556459e+04   2.3065717e+04   2.2479144e+04   2.2745964e+04   2.1027150e+04   2.2354999e+04   3.1663661e+04   3.0425438e+04   2.7860973e+04   2.6206406e+04   3.6755166e+04   2.8159586e+04   3.9367626e+04   3.1061949e+04   2.5637735e+04   3.3744108e+04   3.0210509e+04   3.1291059e+04   4.2194460e+04   3.1743248e+04   3.2327078e+04   3.0555292e+04   2.9856658e+04   3.1658646e+04   3.3028376e+04   2.9387117e+04   2.8418663e+04   2.7963932e+04   2.3521710e+04   2.7944065e+04   2.8478855e+04   2.7651625e+04   2.7040470e+04   2.6743470e+04   2.6618718e+04   2.5997711e+04   2.6462255e+04   2.8061821e+04   2.8491729e+04   2.7568832e+04   2.7990930e+04   2.7461294e+04   2.6442078e+04   2.8593819e+04   2.7039945e+04   2.5992951e+04   2.8222045e+04   2.4805492e+04   2.4278957e+04   2.5015135e+04   2.7938207e+04   2.7299910e+04   2.6904767e+04   2.7964262e+04   2.8545996e+04   2.7947744e+04   2.7618295e+04   2.7659466e+04   2.8006240e+04   2.8742745e+04   2.8749672e+04   2.8872278e+04   2.8578869e+04   2.8317415e+04   2.7729636e+04   2.6597381e+04   2.5804980e+04   2.5368317e+04   2.5510518e+04   2.6451669e+04   2.9194133e+04   2.8634064e+04   2.9059461e+04   2.8855657e+04   2.7418586e+04   2.7501898e+04   2.6988645e+04   2.6914183e+04   2.7630830e+04   2.9130422e+04   2.7402689e+04   2.7300222e+04   2.7525019e+04   2.9278241e+04   2.8731271e+04   2.8351845e+04
   1.5607207e+04   1.3746536e+04   1.4574453e+04   0.0000000e+00   2.0277961e+04   1.9395512e+04   1.8642888e+04   2.0400688e+04   1.9008858e+04   1.9727032e+04   1.8459533e+04   1.8456342e+04   2.0129902e+04   2.1219658e+04   1.8250007e+04   1.9139954e+04   1.7413319e+04   1.8423616e+04   1.8496952e+04   1.7080634e+04   2.9926577e+04   2.9083130e+04   2.6608323e+04   2.5321424e+04   3.5081858e+04   2.6434600e+04   3.7275621e+04   2.9972106e+04   2.5165102e+04   3.0986485e+04   2.9765023e+04   2.9891247e+04   4.2880769e+04   3.2720587e+04   3.2259481e+04   3.0564683e+04   2.7821751e+04   2.9767932e+04   3.1401632e+04   2.8594866e+04   2.7667003e+04   2.6419596e+04   2.6590324e+04   2.6948359e+04   2.8671165e+04   2.7605795e+04   2.7127578e+04   2.6485975e+04   2.7201636e+04   2.6611179e+04   2.7252621e+04   2.8008464e+04   2.7506255e+04   2.6743310e+04   2.7039019e+04   2.6142951e+04   2.5678574e+04   2.7510485e+04   2.6196076e+04   2.5161060e+04   2.5698514e+04   2.4033472e+04   2.4918745e+04   2.7751447e+04   2.8016284e+04   2.7013556e+04   2.6180669e+04   2.8545280e+04   2.9700818e+04   2.9211861e+04   2.9119745e+04   2.8802619e+04   2.9727466e+04   2.9858399e+04   2.8897135e+04   2.9123936e+04   2.7949391e+04   2.7831215e+04   2.7420720e+04   2.7661259e+04   2.5628847e+04   2.6854557e+04   2.6880619e+04   2.6228625e+04   2.8508637e+04   2.7692161e+04   2.8365481e+04   2.7845081e+04   2.8095706e+04   2.7778250e+04   2.7176740e+04   2.7427640e+04   2.7865313e+04   2.7584094e+04   2.7773987e+04   2.8715056e+04   2.7253781e+04   2.7627265e+04   2.7463637e+04   2.7005074e+04
   1.9744784e+04   1.9721138e+04   2.3043477e+04   2.0277961e+04   0.0000000e+00   1.4531441e+04   1.3508146e+04   1.4995441e+04   1.9894465e+04   1.9200439e+04   1.9863421e+04   1.9749689e+04   2.3100835e+04   2.2699920e+04   2.0660222e+04   2.0996000e+04   2.0498543e+04   2.0436121e+04   2.0923052e+04   1.9957919e+04   3.4431895e+04   3.2514708e+04   2.9938942e+04   2.8952947e+04   3.3194603e+04   2.4888708e+04   3.4950748e+04   2.8551815e+04   2.7607728e+04   3.2129418e+04   3.0572678e+04   3.0689305e+04   4.1733156e+04   3.3305097e+04   3.2163945e+04   3.0210996e+04   2.8247238e+04   3.0532854e+04   3.2257556e+04   2.9318819e+04   3.0018204e+04   2.9513251e+04   2.9765257e+04   2.9444638e+04   2.7202760e+04   2.5708252e+04   2.5685820e+04   2.6921964e+04   2.8300022e+04   2.7762154e+04   2.7968865e+04   2.9000456e+04   2.9677091e+04   2.8882083e+04   2.9103497e+04   2.9083142e+04   2.8876189e+04   3.0460855e+04   2.8719860e+04   2.7449271e+04   2.9076830e+04   2.9333233e+04   2.9721872e+04   3.1800815e+04   2.6888717e+04   2.6248146e+04   2.5483609e+04   2.7895340e+04   3.0184157e+04   2.9333353e+04   3.1145463e+04   3.0096590e+04   3.2092069e+04   3.1731002e+04   3.1644331e+04   3.1705124e+04   3.0851410e+04   3.0189280e+04   2.9227445e+04   2.8673032e+04   2.9642481e+04   2.9936967e+04   3.0542924e+04   2.9548514e+04   2.6411315e+04   2.5847052e+04   2.6187810e+04   2.5893275e+04   2.8547053e+04   2.8344127e+04   2.8232826e+04   2.7476703e+04   2.9028614e+04   2.9096327e+04   2.8604663e+04   2.9014508e+04   2.8126868e+04   2.8745912e+04   2.8336425e+04   2.8131937e+04
   2.0139845e+04   2.0317061e+04   2.1427637e+04   1.9395512e+04   1.4531441e+04   0.0000000e+00   1.3563621e+04   1.3333126e+04   1.7815097e+04   1.8099846e+04   1.7538041e+04   1.8352660e+04   2.1066197e+04   2.1884637e+04   2.0706751e+04   2.0645266e+04   2.1441675e+04   2.0984571e+04   2.0534945e+04   2.1382700e+04   3.1472007e+04   3.0139423e+04   2.7904835e+04   2.6984282e+04   3.0943863e+04   2.5948552e+04   3.3084021e+04   2.6187752e+04   2.7190550e+04   2.9022607e+04   2.7563842e+04   2.8081707e+04   3.9902435e+04   3.0495232e+04   2.9349834e+04   2.8127851e+04   2.7966301e+04   2.8402013e+04   3.0478289e+04   2.7221925e+04   3.0970640e+04   3.0486303e+04   3.0428851e+04   3.0250420e+04   2.9442640e+04   2.7377038e+04   2.7946568e+04   2.6956988e+04   2.9825711e+04   2.8757018e+04   2.9356880e+04   3.0975164e+04   3.0031739e+04   2.9115939e+04   2.9328734e+04   2.9065101e+04   2.9476456e+04   3.1869322e+04   2.9839223e+04   2.8488244e+04   2.8972255e+04   2.8497488e+04   2.8647994e+04   3.1033171e+04   2.6665401e+04   2.6529471e+04   2.6260597e+04   2.8576544e+04   2.9990817e+04   2.8182888e+04   2.8770215e+04   2.8174439e+04   3.1229916e+04   3.0432071e+04   3.1191862e+04   3.0941970e+04   3.1573875e+04   2.9566984e+04   2.9137933e+04   2.7759879e+04   2.9295910e+04   2.9678941e+04   3.0488366e+04   2.9512434e+04   2.8763956e+04   2.8184130e+04   2.8470346e+04   2.7967240e+04   2.8619244e+04   2.8447722e+04   2.7715665e+04   2.7980246e+04   2.9337013e+04   2.9466326e+04   2.9238717e+04   2.9884391e+04   2.9383345e+04   3.0101167e+04   2.9575818e+04   2.9025259e+04
   1.9550804e+04   1.9429639e+04   2.2408990e+04   1.8642888e+04   1.3508146e+04   1.3563621e+04   0.0000000e+00   1.3640822e+04   1.8503104e+04   1.8796848e+04   1.8721965e+04   1.8644725e+04   2.2025072e+04   2.2270738e+04   2.0454319e+04   2.0737938e+04   2.0787484e+04   2.0486991e+04   2.0553244e+04   2.0092770e+04   3.2462730e+04   3.0955459e+04   2.8572310e+04   2.7470109e+04   3.1687500e+04   2.5395144e+04   3.3981399e+04   2.7212901e+04   2.7088904e+04   3.0403859e+04   2.9190366e+04   2.9078588e+04   4.0851955e+04   3.2101326e+04   3.1134819e+04   2.9223199e+04   2.7767458e+04   2.9312926e+04   3.1542703e+04   2.8211388e+04   3.0805194e+04   3.0078282e+04   2.9656519e+04   3.0183319e+04   2.8355815e+04   2.6306399e+04   2.6609327e+04   2.7042376e+04   2.9121938e+04   2.8220972e+04   2.8770120e+04   2.9941846e+04   2.9944803e+04   2.8942783e+04   2.9422754e+04   2.9146203e+04   2.9174161e+04   3.1140805e+04   2.9128814e+04   2.7703035e+04   2.9190130e+04   2.8532800e+04   2.9024058e+04   3.1078468e+04   2.6902637e+04   2.6532463e+04   2.5754843e+04   2.8630083e+04   3.0415977e+04   2.9317568e+04   3.0423566e+04   2.9569568e+04   3.1397686e+04   3.1106466e+04   3.1033855e+04   3.1240772e+04   3.1569078e+04   3.0033587e+04   2.9173341e+04   2.8298375e+04   2.9401509e+04   2.9756623e+04   3.0569396e+04   2.9559575e+04   2.7285499e+04   2.6813967e+04   2.7349761e+04   2.6808934e+04   2.8755224e+04   2.8456035e+04   2.8177323e+04   2.7894182e+04   2.9185976e+04   2.9485058e+04   2.8910525e+04   2.9476142e+04   2.8744619e+04   2.9077446e+04   2.8646617e+04   2.8347231e+04
   2.1134706e+04   2.1217772e+04   2.1619141e+04   2.0400688e+04   1.4995441e+04   1.3333126e+04   1.3640822e+04   0.0000000e+00   1.8803661e+04   1.9801931e+04   1.9092959e+04   1.9361856e+04   2.1207094e+04   2.2897055e+04   2.2621820e+04   2.2272749e+04   2.2838750e+04   2.2938480e+04   2.1072314e+04   2.2410672e+04   3.1887925e+04   3.0376720e+04   2.7765624e+04   2.6788425e+04   3.0838571e+04   2.6416463e+04   3.2882195e+04   2.6328193e+04   2.7757116e+04   2.9441503e+04   2.8554348e+04   2.8729332e+04   4.0717119e+04   3.1151875e+04   3.0584879e+04   2.8961169e+04   2.8484382e+04   2.8885047e+04   3.1492480e+04   2.7192441e+04   3.2045558e+04   3.1111473e+04   3.0570142e+04   3.1304593e+04   3.0447464e+04   2.8222862e+04   2.8613913e+04   2.7071904e+04   3.0701126e+04   2.9887636e+04   3.0559820e+04   3.2214257e+04   3.1367400e+04   3.0492243e+04   3.0514486e+04   3.0272294e+04   3.0385093e+04   3.3092339e+04   3.0751171e+04   2.9256604e+04   2.9515322e+04   2.8901822e+04   2.8898870e+04   3.0999545e+04   2.6744565e+04   2.6980008e+04   2.6132866e+04   2.8819817e+04   3.0111123e+04   2.8624817e+04   2.9084053e+04   2.8389797e+04   3.1174907e+04   3.0858004e+04   3.1529726e+04   3.1571916e+04   3.2379490e+04   2.9745983e+04   2.9314537e+04   2.7873180e+04   2.9610076e+04   3.0063719e+04   3.0586202e+04   2.9773256e+04   2.9163797e+04   2.8609231e+04   2.8998860e+04   2.8234673e+04   2.8849755e+04   2.8943418e+04   2.8162685e+04   2.8776677e+04   2.9917464e+04   3.0386818e+04   2.9594109e+04   2.9938350e+04   2.9664317e+04   3.1108437e+04   3.0485329e+04   2.9867023e+04
   2.1194074e+04   2.0649056e+04   2.1226611e+04   1.9008858e+04   1.9894465e+04   1.7815097e+04   1.8503104e+04   1.8803661e+04   0.0000000e+00   1.4198926e+04   1.3391666e+04   1.4250770e+04   1.9852697e+04   2.1240147e+04   2.0348802e+04   2.0734564e+04   1.9803199e+04   1.9041067e+04   1.8289475e+04   1.9577166e+04   3.2874809e+04   3.1678385e+04   2.9062508e+04   2.8330948e+04   3.5838220e+04   2.8607827e+04   3.7739162e+04   3.0950131e+04   2.7363092e+04   3.0479651e+04   2.8810701e+04   2.8705888e+04   4.2071528e+04   3.2034087e+04   3.0869565e+04   2.9620644e+04   2.8383318e+04   2.9085565e+04   3.1063275e+04   2.8310156e+04   3.1276264e+04   3.0088681e+04   2.9463103e+04   3.0490139e+04   3.1128205e+04   2.9418695e+04   2.9585125e+04   2.8663485e+04   2.8322494e+04   2.7925065e+04   2.8393384e+04   2.9785691e+04   3.0265062e+04   2.9294327e+04   2.9974319e+04   2.9048000e+04   2.8358960e+04   3.0880877e+04   2.8771111e+04   2.7777643e+04   2.8498998e+04   2.8445341e+04   2.8305994e+04   2.9813697e+04   2.8126392e+04   2.7346466e+04   2.7279352e+04   2.8888068e+04   2.8412409e+04   2.6854817e+04   2.7401273e+04   2.6735819e+04   3.0638443e+04   2.9120034e+04   2.9493115e+04   2.9554997e+04   2.9184217e+04   2.8683145e+04   2.7889094e+04   2.6574085e+04   2.9689610e+04   3.0252893e+04   3.0393462e+04   3.0149142e+04   3.1363230e+04   3.0446571e+04   3.1090915e+04   3.0597285e+04   2.8430333e+04   2.7757835e+04   2.7405182e+04   2.7875818e+04   2.9674814e+04   3.0892516e+04   2.9644647e+04   3.0242365e+04   2.9324475e+04   3.0493846e+04   2.9897119e+04   2.9432617e+04
   1.8974257e+04   2.0048429e+04   2.1331804e+04   1.9727032e+04   1.9200439e+04   1.8099846e+04   1.8796848e+04   1.9801931e+04   1.4198926e+04   0.0000000e+00   1.3822163e+04   1.5078242e+04   2.1712272e+04   2.0902962e+04   1.8421341e+04   1.9451029e+04   1.7399282e+04   1.6859789e+04   1.7905802e+04   1.7250233e+04   3.2750704e+04   3.1617395e+04   2.8897986e+04   2.8269102e+04   3.5838972e+04   2.7552114e+04   3.7894680e+04   3.0843687e+04   2.7404490e+04   3.1157921e+04   2.8952471e+04   2.8310903e+04   4.2616122e+04   3.2779140e+04   3.0825693e+04   2.9411240e+04   2.7574565e+04   2.9473573e+04   3.1131378e+04   2.8810498e+04   2.9902225e+04   2.9412985e+04   2.9145636e+04   2.9215676e+04   2.9792190e+04   2.8019292e+04   2.8068071e+04   2.8791848e+04   2.6827294e+04   2.6636118e+04   2.6699268e+04   2.8058625e+04   2.8926885e+04   2.7982828e+04   2.8545107e+04   2.7960641e+04   2.7044831e+04   2.9281549e+04   2.7215038e+04   2.6697856e+04   2.8702052e+04   2.8285479e+04   2.8307821e+04   2.9888175e+04   2.8652879e+04   2.7692621e+04   2.7777659e+04   2.9088627e+04   2.7700038e+04   2.6705239e+04   2.8662052e+04   2.7557322e+04   3.1075187e+04   3.0141148e+04   2.8995222e+04   2.9445256e+04   2.8863386e+04   2.8947375e+04   2.8399082e+04   2.7573645e+04   2.9492307e+04   3.0276005e+04   3.0005063e+04   3.0094376e+04   2.9257775e+04   2.8634132e+04   2.9249031e+04   2.8749149e+04   2.8090862e+04   2.7218131e+04   2.7383245e+04   2.6705354e+04   2.9030034e+04   2.9058235e+04   2.9230779e+04   2.9935214e+04   2.8242577e+04   2.8758883e+04   2.8343653e+04   2.8241007e+04
   2.0576390e+04   1.9588485e+04   2.0823450e+04   1.8459533e+04   1.9863421e+04   1.7538041e+04   1.8721965e+04   1.9092959e+04   1.3391666e+04   1.3822163e+04   0.0000000e+00   1.3563742e+04   1.9453535e+04   1.9735188e+04   1.9458143e+04   2.0357357e+04   1.9580769e+04   1.8642830e+04   1.8094668e+04   1.9559734e+04   3.2493375e+04   3.1550930e+04   2.8608394e+04   2.7777561e+04   3.5003056e+04   2.8105182e+04   3.7118793e+04   2.9840651e+04   2.6625378e+04   2.9566281e+04   2.7389227e+04   2.7333050e+04   4.1516771e+04   3.1440587e+04   3.0390621e+04   2.8720496e+04   2.7348242e+04   2.8381421e+04   3.0749946e+04   2.7420316e+04   3.0934099e+04   2.9677872e+04   2.9370769e+04   3.0012059e+04   3.1028893e+04   2.9194936e+04   2.9381770e+04   2.8353488e+04   2.7886910e+04   2.7368349e+04   2.7956123e+04   2.9353460e+04   2.9913320e+04   2.9149283e+04   2.9577961e+04   2.9075323e+04   2.8231412e+04   3.0876816e+04   2.8614575e+04   2.7444694e+04   2.9003818e+04   2.8363551e+04   2.8615556e+04   2.9888927e+04   2.7693701e+04   2.7424467e+04   2.7342894e+04   2.8772207e+04   2.8015989e+04   2.6485135e+04   2.7095233e+04   2.6432359e+04   3.0617715e+04   2.9523582e+04   2.9308057e+04   2.8754275e+04   2.9466309e+04   2.9047354e+04   2.8778644e+04   2.7488118e+04   2.9384746e+04   3.0012347e+04   3.0265198e+04   3.0025347e+04   3.0758651e+04   2.9994089e+04   3.0635509e+04   3.0128139e+04   2.7866841e+04   2.7003817e+04   2.6695269e+04   2.7141676e+04   2.9355157e+04   3.0446236e+04   2.9355482e+04   2.9817998e+04   2.9232747e+04   2.9862036e+04   2.9227214e+04   2.8893788e+04
   1.9953094e+04   1.9564603e+04   2.0430912e+04   1.8456342e+04   1.9749689e+04   1.8352660e+04   1.8644725e+04   1.9361856e+04   1.4250770e+04   1.5078242e+04   1.3563742e+04   0.0000000e+00   1.9653853e+04   2.0224320e+04   1.9409978e+04   2.0576543e+04   2.0040619e+04   1.9160923e+04   1.9353034e+04   1.9647346e+04   3.2379978e+04   3.1449478e+04   2.8287677e+04   2.7611172e+04   3.5479650e+04   2.6658568e+04   3.7501576e+04   3.0579213e+04   2.5784816e+04   2.9970216e+04   2.7891392e+04   2.7634720e+04   4.2147314e+04   3.2374845e+04   3.0908369e+04   2.9209782e+04   2.7526626e+04   2.9353183e+04   3.1160897e+04   2.7743038e+04   2.9284168e+04   2.8449149e+04   2.8361813e+04   2.8656640e+04   2.9314965e+04   2.7484101e+04   2.7621582e+04   2.7020127e+04   2.5856056e+04   2.5934790e+04   2.6399549e+04   2.7255154e+04   2.8789901e+04   2.7600368e+04   2.8142776e+04   2.7946392e+04   2.7038155e+04   2.9054675e+04   2.6991509e+04   2.6251226e+04   2.8179144e+04   2.7390975e+04   2.7713459e+04   2.9373175e+04   2.7120126e+04   2.6560870e+04   2.6110897e+04   2.7952333e+04   2.7108861e+04   2.5950546e+04   2.6407124e+04   2.5744804e+04   2.9864158e+04   2.9092518e+04   2.8135691e+04   2.8316859e+04   2.8108848e+04   2.9050467e+04   2.8238839e+04   2.7054575e+04   2.8079472e+04   2.8618903e+04   2.8831679e+04   2.8421905e+04   2.8847670e+04   2.8050568e+04   2.8819139e+04   2.8301024e+04   2.6369632e+04   2.5540116e+04   2.5630541e+04   2.5536346e+04   2.7851171e+04   2.8676342e+04   2.7920931e+04   2.8322713e+04   2.8073525e+04   2.8280160e+04   2.7736104e+04   2.7507179e+04
   2.2454658e+04   2.1073829e+04   2.0657730e+04   2.0129902e+04   2.3100835e+04   2.1066197e+04   2.2025072e+04   2.1207094e+04   1.9852697e+04   2.1712272e+04   1.9453535e+04   1.9653853e+04   0.0000000e+00   1.5517587e+04   1.6956566e+04   1.7289916e+04   2.2391459e+04   2.2539897e+04   2.1487794e+04   2.2834191e+04   3.3342846e+04   3.2280264e+04   2.9020920e+04   2.7626624e+04   3.6060284e+04   2.8315264e+04   3.8597167e+04   2.9861734e+04   2.7637425e+04   3.1890567e+04   2.8923848e+04   2.9714969e+04   3.9378575e+04   2.9231306e+04   2.8372205e+04   2.6516743e+04   2.9708986e+04   2.8146907e+04   3.0866915e+04   2.7401399e+04   3.1491498e+04   3.0182265e+04   2.9331325e+04   3.0829104e+04   3.1309211e+04   3.0116835e+04   2.9688954e+04   2.8891357e+04   2.9227891e+04   2.9788289e+04   2.9822499e+04   3.0497361e+04   2.9264107e+04   2.7860876e+04   2.8516216e+04   2.7975917e+04   2.9012164e+04   3.1645379e+04   2.9784654e+04   2.8396660e+04   2.8846113e+04   2.8515371e+04   2.8069326e+04   2.9535842e+04   2.9317568e+04   2.8444598e+04   2.8525565e+04   2.9910228e+04   3.0213843e+04   2.9864499e+04   2.9067309e+04   2.9024513e+04   2.9266739e+04   2.7978026e+04   2.8047574e+04   2.8212835e+04   3.0797392e+04   3.0261772e+04   2.9471944e+04   2.8409676e+04   2.9054577e+04   2.9294437e+04   2.9848639e+04   3.0046519e+04   3.1468062e+04   3.0929118e+04   3.1655341e+04   3.0997362e+04   2.9338280e+04   2.9376252e+04   2.8386743e+04   2.9327806e+04   2.6894329e+04   2.8854450e+04   2.6953783e+04   2.7389180e+04   2.9261879e+04   3.1185518e+04   3.0640346e+04   3.0299804e+04
   2.1608811e+04   2.0381421e+04   2.2967272e+04   2.1219658e+04   2.2699920e+04   2.1884637e+04   2.2270738e+04   2.2897055e+04   2.1240147e+04   2.0902962e+04   1.9735188e+04   2.0224320e+04   1.5517587e+04   0.0000000e+00   1.5275465e+04   1.6553845e+04   2.2567407e+04   2.1897738e+04   2.2806314e+04   2.2019645e+04   3.5554643e+04   3.4226402e+04   3.1163096e+04   2.9635240e+04   3.7457471e+04   2.9349839e+04   3.8940080e+04   3.0699006e+04   2.8498050e+04   3.1695314e+04   2.9107560e+04   2.9106875e+04   4.0103808e+04   2.9898514e+04   2.8790224e+04   2.6892543e+04   2.9572178e+04   2.8191560e+04   3.2001177e+04   2.8958439e+04   3.1612248e+04   3.0759524e+04   3.0436522e+04   3.0638996e+04   3.2331735e+04   3.0548866e+04   3.0663544e+04   3.0062344e+04   3.1173281e+04   3.0180294e+04   3.1203440e+04   3.1209066e+04   2.9893558e+04   2.8548708e+04   2.8806759e+04   2.9094963e+04   3.0149498e+04   3.2358357e+04   3.0024946e+04   2.9481013e+04   3.0181799e+04   3.0071821e+04   2.9544066e+04   3.1150955e+04   2.9949931e+04   2.9972428e+04   2.9356993e+04   3.1431644e+04   3.1447264e+04   3.0624886e+04   3.0060744e+04   3.0047961e+04   3.0532016e+04   2.9560822e+04   2.8736732e+04   2.8795913e+04   3.1730233e+04   3.1394398e+04   3.1043849e+04   3.0527778e+04   3.0489294e+04   3.0718244e+04   3.1188546e+04   3.1124236e+04   3.2374466e+04   3.1606006e+04   3.2172071e+04   3.1618300e+04   2.9819619e+04   2.9704123e+04   2.8639268e+04   2.9672596e+04   2.7748867e+04   2.9093564e+04   2.7870431e+04   2.8469419e+04   3.0183720e+04   3.1908534e+04   3.1191741e+04   3.1037452e+04
   1.8576552e+04   1.9669667e+04   2.2556459e+04   1.8250007e+04   2.0660222e+04   2.0706751e+04   2.0454319e+04   2.2621820e+04   2.0348802e+04   1.8421341e+04   1.9458143e+04   1.9409978e+04   1.6956566e+04   1.5275465e+04   0.0000000e+00   1.3431576e+04   1.7920214e+04   1.8534051e+04   1.9210511e+04   1.8546910e+04   3.3055395e+04   3.2136412e+04   2.8971843e+04   2.8368783e+04   3.6294997e+04   2.6108591e+04   3.8301459e+04   3.1174273e+04   2.6831532e+04   3.1745831e+04   2.9936507e+04   2.9774215e+04   4.1919782e+04   3.1879232e+04   3.0172196e+04   2.8552085e+04   2.7991528e+04   2.9287326e+04   3.0768631e+04   2.8567925e+04   2.9165126e+04   2.8732479e+04   2.8778661e+04   2.8849437e+04   2.9028842e+04   2.6741247e+04   2.7003414e+04   2.7790687e+04   2.7292291e+04   2.6828987e+04   2.7606101e+04   2.8306134e+04   2.6579553e+04   2.6203320e+04   2.6629423e+04   2.6056109e+04   2.6775884e+04   2.8895293e+04   2.7037572e+04   2.6289351e+04   2.7619722e+04   2.7956624e+04   2.8233352e+04   3.0473767e+04   2.8004764e+04   2.6611847e+04   2.6494749e+04   2.8109031e+04   2.8401864e+04   2.8422105e+04   2.8962924e+04   2.9310683e+04   3.0243682e+04   2.9145159e+04   2.7340198e+04   2.8586042e+04   2.8209265e+04   2.9284368e+04   2.8882533e+04   2.9050836e+04   2.8520968e+04   2.9247729e+04   2.9025551e+04   2.9028401e+04   2.8350386e+04   2.7818357e+04   2.8690712e+04   2.7969386e+04   2.8415034e+04   2.7517267e+04   2.7707607e+04   2.7292177e+04   2.6739728e+04   2.6621673e+04   2.7328933e+04   2.8374034e+04   2.7679138e+04   2.7939789e+04   2.7669354e+04   2.7468576e+04
   1.9659674e+04   2.0711774e+04   2.3065717e+04   1.9139954e+04   2.0996000e+04   2.0645266e+04   2.0737938e+04   2.2272749e+04   2.0734564e+04   1.9451029e+04   2.0357357e+04   2.0576543e+04   1.7289916e+04   1.6553845e+04   1.3431576e+04   0.0000000e+00   1.8877980e+04   1.9496934e+04   1.9214336e+04   1.9576748e+04   3.3107949e+04   3.2042142e+04   2.9210980e+04   2.8510706e+04   3.6866754e+04   2.6690733e+04   3.9059259e+04   3.2432073e+04   2.7519078e+04   3.2210412e+04   3.1045018e+04   3.0775844e+04   4.1271428e+04   3.1979748e+04   2.9984061e+04   2.8424294e+04   2.8573872e+04   3.0442249e+04   3.1665737e+04   2.8921446e+04   2.9622435e+04   2.9341385e+04   2.9222911e+04   2.9388807e+04   2.9358463e+04   2.7691080e+04   2.7581984e+04   2.8781467e+04   2.8213167e+04   2.7551563e+04   2.8390615e+04   2.9076515e+04   2.7151093e+04   2.6733580e+04   2.6942946e+04   2.6385404e+04   2.7408663e+04   2.9612601e+04   2.7744624e+04   2.7388732e+04   2.7514108e+04   2.8162349e+04   2.8439357e+04   3.0492519e+04   2.8619633e+04   2.7282704e+04   2.7375719e+04   2.8294972e+04   2.8308604e+04   2.8677752e+04   2.9837897e+04   2.9449911e+04   3.1156636e+04   2.8965898e+04   2.7907356e+04   2.8391153e+04   2.8418947e+04   2.8875792e+04   2.8521066e+04   2.8843970e+04   2.9151309e+04   2.9677357e+04   2.9610667e+04   2.9430853e+04   2.8979218e+04   2.8548261e+04   2.9311295e+04   2.8481492e+04   2.8961484e+04   2.8231333e+04   2.8532811e+04   2.7993918e+04   2.7280055e+04   2.6885629e+04   2.7491460e+04   2.8590597e+04   2.8404204e+04   2.8556805e+04   2.8469290e+04   2.8198979e+04
   1.7861478e+04   2.0048659e+04   2.2479144e+04   1.7413319e+04   2.0498543e+04   2.1441675e+04   2.0787484e+04   2.2838750e+04   1.9803199e+04   1.7399282e+04   1.9580769e+04   2.0040619e+04   2.2391459e+04   2.2567407e+04   1.7920214e+04   1.8877980e+04   0.0000000e+00   1.2885411e+04   1.3851566e+04   1.2612506e+04   3.1937251e+04   3.1442327e+04   2.8057798e+04   2.7788715e+04   3.8032750e+04   2.7600401e+04   4.0763066e+04   3.2581641e+04   2.5885195e+04   3.3702318e+04   3.1127718e+04   3.1814151e+04   4.2801251e+04   3.3224257e+04   3.2299662e+04   3.1229735e+04   2.8891215e+04   3.0741748e+04   3.1954319e+04   2.9914087e+04   2.7806851e+04   2.7285361e+04   2.7520261e+04   2.7129880e+04   2.7101463e+04   2.7354351e+04   2.6908115e+04   2.8000214e+04   2.6093942e+04   2.6603603e+04   2.6089997e+04   2.6954725e+04   2.7452981e+04   2.6572657e+04   2.6782611e+04   2.6098127e+04   2.3498230e+04   2.5345008e+04   2.4028570e+04   2.4726346e+04   2.7017726e+04   2.6459360e+04   2.6534094e+04   2.9858421e+04   3.0402384e+04   2.8595963e+04   2.8271613e+04   2.9325675e+04   2.9046899e+04   2.9146785e+04   2.9602132e+04   2.9733350e+04   2.9914332e+04   3.0170810e+04   2.9555321e+04   2.9764769e+04   2.6215220e+04   2.6702581e+04   2.7381589e+04   2.7373123e+04   2.7147085e+04   2.8203505e+04   2.8074775e+04   2.7792786e+04   2.8670803e+04   2.8012843e+04   2.8929383e+04   2.8704460e+04   2.9090519e+04   2.8908091e+04   2.8228540e+04   2.7944841e+04   2.7627777e+04   2.7730897e+04   2.7548619e+04   2.8435235e+04   2.7300789e+04   2.5766570e+04   2.6003018e+04   2.5733345e+04
   1.8528223e+04   1.9332619e+04   2.2745964e+04   1.8423616e+04   2.0436121e+04   2.0984571e+04   2.0486991e+04   2.2938480e+04   1.9041067e+04   1.6859789e+04   1.8642830e+04   1.9160923e+04   2.2539897e+04   2.1897738e+04   1.8534051e+04   1.9496934e+04   1.2885411e+04   0.0000000e+00   1.2880394e+04   1.3247674e+04   3.2897770e+04   3.1835819e+04   2.8306058e+04   2.8139685e+04   3.7808051e+04   2.7634751e+04   4.0504182e+04   3.2052997e+04   2.7103718e+04   3.3113495e+04   3.1045566e+04   3.1274870e+04   4.2865373e+04   3.3507708e+04   3.2155783e+04   3.0918226e+04   2.7015785e+04   2.9319044e+04   3.0765862e+04   2.8284736e+04   2.8649780e+04   2.8533578e+04   2.8483384e+04   2.7956772e+04   2.7854559e+04   2.7758179e+04   2.7282077e+04   2.8810885e+04   2.6378855e+04   2.6982642e+04   2.6530404e+04   2.7259355e+04   2.8146318e+04   2.7453202e+04   2.7709855e+04   2.7260647e+04   2.4800035e+04   2.6164321e+04   2.4516027e+04   2.4460284e+04   2.8107870e+04   2.7346738e+04   2.6927541e+04   3.0514306e+04   3.0669374e+04   2.9520780e+04   2.8738356e+04   3.0358059e+04   2.9392836e+04   2.9402309e+04   3.0828931e+04   3.0537684e+04   3.1241465e+04   3.1020782e+04   3.0206744e+04   3.0246447e+04   2.6186571e+04   2.6920377e+04   2.7140578e+04   2.7297537e+04   2.7727011e+04   2.8673285e+04   2.8471224e+04   2.8473512e+04   2.8869871e+04   2.8353832e+04   2.9419580e+04   2.8712681e+04   2.9099335e+04   2.8950965e+04   2.9153212e+04   2.8002401e+04   2.8073600e+04   2.8557097e+04   2.7967882e+04   2.8690436e+04   2.6636856e+04   2.5405653e+04   2.5672844e+04   2.5396765e+04
   1.9865850e+04   2.0352861e+04   2.1027150e+04   1.8496952e+04   2.0923052e+04   2.0534945e+04   2.0553244e+04   2.1072314e+04   1.8289475e+04   1.7905802e+04   1.8094668e+04   1.9353034e+04   2.1487794e+04   2.2806314e+04   1.9210511e+04   1.9214336e+04   1.3851566e+04   1.2880394e+04   0.0000000e+00   1.4546805e+04   3.2026476e+04   3.1692235e+04   2.8437451e+04   2.7701646e+04   3.7947013e+04   2.8086117e+04   4.0443186e+04   3.1924665e+04   2.7634170e+04   3.2563882e+04   3.0673363e+04   3.0753519e+04   4.1734102e+04   3.2684094e+04   3.1927654e+04   3.0733178e+04   2.6572264e+04   2.8505017e+04   3.0304516e+04   2.7749869e+04   3.0078763e+04   2.9419281e+04   2.8403056e+04   2.9301188e+04   2.9084515e+04   2.8529016e+04   2.8329578e+04   2.9732724e+04   2.7732085e+04   2.8030321e+04   2.8070622e+04   2.8819593e+04   2.9152735e+04   2.8699306e+04   2.9240955e+04   2.8591496e+04   2.5867459e+04   2.7702926e+04   2.6209908e+04   2.5226421e+04   2.8010894e+04   2.8190565e+04   2.7935013e+04   2.9752221e+04   3.0404500e+04   2.8964373e+04   2.8642464e+04   2.9948747e+04   2.9452585e+04   2.9664850e+04   3.0287343e+04   3.0176779e+04   3.1564715e+04   3.0822671e+04   3.0917632e+04   3.0868489e+04   2.6996509e+04   2.6609085e+04   2.6866712e+04   2.6693346e+04   2.8873539e+04   2.9313236e+04   2.9505040e+04   2.9669312e+04   2.9621146e+04   2.9420699e+04   3.0144120e+04   2.9399027e+04   3.0010751e+04   2.9482880e+04   2.9546184e+04   2.8892185e+04   2.8996065e+04   2.9845630e+04   2.8802417e+04   2.8865063e+04   2.7392703e+04   2.6571007e+04   2.6486650e+04   2.6266856e+04
   1.7797668e+04   1.8618686e+04   2.2354999e+04   1.7080634e+04   1.9957919e+04   2.1382700e+04   2.0092770e+04   2.2410672e+04   1.9577166e+04   1.7250233e+04   1.9559734e+04   1.9647346e+04   2.2834191e+04   2.2019645e+04   1.8546910e+04   1.9576748e+04   1.2612506e+04   1.3247674e+04   1.4546805e+04   0.0000000e+00   3.2260461e+04   3.1537266e+04   2.8239730e+04   2.7742931e+04   3.7602638e+04   2.7645913e+04   4.0453685e+04   3.2311082e+04   2.6341353e+04   3.3557955e+04   3.1336493e+04   3.1701444e+04   4.3223978e+04   3.3464121e+04   3.2299050e+04   3.1264549e+04   2.8854925e+04   3.1315320e+04   3.2400276e+04   2.9912302e+04   2.8100706e+04   2.7616996e+04   2.7874736e+04   2.7361339e+04   2.7550810e+04   2.7548230e+04   2.6974684e+04   2.8504628e+04   2.6221777e+04   2.6814687e+04   2.5965267e+04   2.7041448e+04   2.7510925e+04   2.6753549e+04   2.6866319e+04   2.6116730e+04   2.4135351e+04   2.5592593e+04   2.4273694e+04   2.4747702e+04   2.7512267e+04   2.6395319e+04   2.6345483e+04   2.9857272e+04   3.0740377e+04   2.8813986e+04   2.8470530e+04   2.9496787e+04   2.9110054e+04   2.9086252e+04   3.0009417e+04   3.0021479e+04   3.0427380e+04   3.0190305e+04   2.9664693e+04   2.9788373e+04   2.6499778e+04   2.7244809e+04   2.7327658e+04   2.7577227e+04   2.7241609e+04   2.8341750e+04   2.8014955e+04   2.8033555e+04   2.8564113e+04   2.7973906e+04   2.8863151e+04   2.8564256e+04   2.9207375e+04   2.8916691e+04   2.8695584e+04   2.8012815e+04   2.7546358e+04   2.7576090e+04   2.7406745e+04   2.8313854e+04   2.7415963e+04   2.6032499e+04   2.6119663e+04   2.6017522e+04
   3.2247415e+04   3.3726537e+04   3.1663661e+04   2.9926577e+04   3.4431895e+04   3.1472007e+04   3.2462730e+04   3.1887925e+04   3.2874809e+04   3.2750704e+04   3.2493375e+04   3.2379978e+04   3.3342846e+04   3.5554643e+04   3.3055395e+04   3.3107949e+04   3.1937251e+04   3.2897770e+04   3.2026476e+04   3.2260461e+04   0.0000000e+00   1.4736633e+04   1.9480735e+04   1.9378982e+04   2.5001240e+04   3.1362907e+04   3.0727053e+04   2.6559400e+04   3.2393096e+04   2.4599220e+04   2.7273259e+04   2.9257219e+04   3.2647000e+04   3.1253385e+04   2.6528666e+04   2.7858706e+04   2.7636532e+04   3.3538518e+04   2.5132158e+04   2.4688195e+04   3.6550194e+04   3.4854290e+04   3.4472842e+04   3.6330282e+04   3.5546640e+04   3.6047324e+04   3.5566496e+04   3.4294233e+04   3.5134564e+04   3.5010442e+04   3.4847747e+04   3.6290223e+04   3.5728611e+04   3.5540959e+04   3.5329565e+04   3.4706634e+04   3.4002688e+04   3.5621453e+04   3.5171690e+04   3.3978253e+04   3.8836658e+04   3.5829597e+04   3.6292053e+04   3.9702243e+04   3.8677335e+04   3.7915972e+04   3.7746678e+04   3.9774601e+04   3.8897063e+04   3.9276453e+04   3.9276902e+04   3.9156549e+04   4.0801965e+04   4.0003870e+04   3.8833475e+04   3.9791301e+04   3.9954086e+04   3.7211645e+04   3.6169414e+04   3.7174107e+04   3.1122389e+04   3.1834618e+04   3.2232621e+04   3.1275038e+04   3.4399997e+04   3.3676871e+04   3.3749048e+04   3.3370917e+04   3.3842235e+04   3.3537728e+04   3.3408845e+04   3.3135186e+04   3.3878552e+04   3.4010896e+04   3.3515793e+04   3.4436735e+04   3.3191081e+04   3.3867764e+04   3.3364908e+04   3.3260701e+04
   3.1513031e+04   3.1514470e+04   3.0425438e+04   2.9083130e+04   3.2514708e+04   3.0139423e+04   3.0955459e+04   3.0376720e+04   3.1678385e+04   3.1617395e+04   3.1550930e+04   3.1449478e+04   3.2280264e+04   3.4226402e+04   3.2136412e+04   3.2042142e+04   3.1442327e+04   3.1835819e+04   3.1692235e+04   3.1537266e+04   1.4736633e+04   0.0000000e+00   1.8743463e+04   1.8488790e+04   2.3921977e+04   3.0590022e+04   2.9298521e+04   2.4910989e+04   3.1646345e+04   2.3149420e+04   2.5580989e+04   2.7524646e+04   3.1515694e+04   3.0724280e+04   2.5838363e+04   2.5919257e+04   2.6285731e+04   3.1762284e+04   2.4066833e+04   2.4126684e+04   3.6430451e+04   3.4811984e+04   3.3919811e+04   3.5857649e+04   3.5418578e+04   3.5799375e+04   3.5170353e+04   3.3327783e+04   3.4678930e+04   3.4571469e+04   3.4245984e+04   3.5859394e+04   3.5212056e+04   3.5496375e+04   3.5290440e+04   3.4682076e+04   3.3786395e+04   3.5400284e+04   3.4504395e+04   3.3704021e+04   3.9038127e+04   3.5634828e+04   3.5485325e+04   3.8773027e+04   3.7832249e+04   3.7243732e+04   3.6911184e+04   3.9376968e+04   3.8418384e+04   3.8469248e+04   3.8860019e+04   3.8076790e+04   4.0138730e+04   3.8997406e+04   3.8242699e+04   3.8946093e+04   3.9835536e+04   3.7400540e+04   3.6120393e+04   3.6416988e+04   3.0320078e+04   3.1104613e+04   3.1467851e+04   3.0668840e+04   3.3747502e+04   3.3076600e+04   3.3217108e+04   3.2751036e+04   3.2778135e+04   3.2501408e+04   3.2365029e+04   3.2028938e+04   3.3075369e+04   3.3711947e+04   3.2727962e+04   3.3695064e+04   3.2207796e+04   3.3425470e+04   3.3154084e+04   3.3090327e+04
   2.9054539e+04   2.7974892e+04   2.7860973e+04   2.6608323e+04   2.9938942e+04   2.7904835e+04   2.8572310e+04   2.7765624e+04   2.9062508e+04   2.8897986e+04   2.8608394e+04   2.8287677e+04   2.9020920e+04   3.1163096e+04   2.8971843e+04   2.9210980e+04   2.8057798e+04   2.8306058e+04   2.8437451e+04   2.8239730e+04   1.9480735e+04   1.8743463e+04   0.0000000e+00   1.2393412e+04   2.8450302e+04   3.0207376e+04   2.9952771e+04   2.1825161e+04   3.0304162e+04   2.4735302e+04   1.9467571e+04   2.0299634e+04   3.4589794e+04   2.4669953e+04   2.2382228e+04   2.1443364e+04   2.0989910e+04   2.4146928e+04   2.5904257e+04   1.9056436e+04   3.6244778e+04   3.4244030e+04   3.0975531e+04   3.5670607e+04   3.5031828e+04   3.4060534e+04   3.3495135e+04   3.2093612e+04   3.3718854e+04   3.3628806e+04   3.3357926e+04   3.5448450e+04   3.5419535e+04   3.5041626e+04   3.4744696e+04   3.4976116e+04   3.3781909e+04   3.6156634e+04   3.3715762e+04   3.1903897e+04   3.9174496e+04   3.5380474e+04   3.4647575e+04   3.6672745e+04   3.7689444e+04   3.7288703e+04   3.6810957e+04   3.9145174e+04   3.7747836e+04   3.8441603e+04   3.7784833e+04   3.6513276e+04   3.8456118e+04   3.7882718e+04   3.7694732e+04   3.8038259e+04   3.9804327e+04   3.7502663e+04   3.6098469e+04   3.4803193e+04   2.7990251e+04   2.7726591e+04   2.8476072e+04   2.8299607e+04   3.2719736e+04   3.1785543e+04   3.1929382e+04   3.1476901e+04   2.9818692e+04   3.0037509e+04   2.9388520e+04   3.0045941e+04   3.0673674e+04   3.2683064e+04   3.0310207e+04   3.0781506e+04   3.0119015e+04   3.2756684e+04   3.2112432e+04   3.1985531e+04
   2.7609165e+04   2.6799171e+04   2.6206406e+04   2.5321424e+04   2.8952947e+04   2.6984282e+04   2.7470109e+04   2.6788425e+04   2.8330948e+04   2.8269102e+04   2.7777561e+04   2.7611172e+04   2.7626624e+04   2.9635240e+04   2.8368783e+04   2.8510706e+04   2.7788715e+04   2.8139685e+04   2.7701646e+04   2.7742931e+04   1.9378982e+04   1.8488790e+04   1.2393412e+04   0.0000000e+00   2.7658735e+04   2.9315466e+04   2.9071047e+04   2.0187099e+04   2.8962903e+04   2.3706442e+04   1.7976245e+04   1.9523118e+04   3.3129278e+04   2.2342348e+04   2.1893402e+04   2.0852301e+04   2.0782117e+04   2.3536768e+04   2.5890715e+04   1.7582823e+04   3.5360949e+04   3.3474534e+04   2.9829060e+04   3.4699327e+04   3.4387066e+04   3.3320436e+04   3.2856385e+04   3.0893284e+04   3.2995187e+04   3.3061428e+04   3.2701048e+04   3.4653802e+04   3.4887613e+04   3.3967675e+04   3.3744545e+04   3.3757620e+04   3.2979489e+04   3.5146052e+04   3.3101956e+04   3.0750573e+04   3.7604379e+04   3.4155734e+04   3.3522559e+04   3.5023941e+04   3.6694638e+04   3.6548001e+04   3.6054358e+04   3.8094066e+04   3.6279487e+04   3.6985365e+04   3.6502750e+04   3.5451740e+04   3.7463371e+04   3.6918327e+04   3.6842778e+04   3.7118985e+04   3.8662891e+04   3.6137004e+04   3.4890975e+04   3.3356229e+04   2.6868231e+04   2.6795420e+04   2.7227763e+04   2.7364812e+04   3.2098879e+04   3.1162476e+04   3.1506496e+04   3.0775597e+04   2.8470691e+04   2.9390575e+04   2.7922792e+04   2.9719146e+04   2.9662373e+04   3.1946800e+04   2.9389398e+04   2.9355238e+04   2.8943323e+04   3.1531394e+04   3.1003457e+04   3.0845489e+04
