   0.0000000e+00   6.7530578e+03   5.8557847e+03   7.8536340e+03   1.4117113e+04   1.3942225e+04   1.3116139e+04   1.3798494e+04   1.2380057e+04   1.3563919e+04   1.2446207e+04   1.1906843e+04   1.1774717e+04   1.2040190e+04   1.1069681e+04   1.1940424e+04   1.0715497e+04   1.1131994e+04   1.1966804e+04   1.0467516e+04   1.2330377e+04   1.0489933e+04   1.2931570e+04   1.1461315e+04   1.7669624e+04   1.3070398e+04   1.9442018e+04   1.9993983e+04   1.7429605e+04   1.6213963e+04   1.7911025e+04   1.7693418e+04   2.5442183e+04   2.1999751e+04   2.1829212e+04   2.0139512e+04   1.6480579e+04   1.7276373e+04   1.5859277e+04   1.5933398e+04   1.0766744e+04   1.2937034e+04   1.0173510e+04   1.9623460e+04   2.4054536e+04   1.7443111e+04   2.3533693e+04   1.6017070e+04   2.1723031e+04   1.8292480e+04   2.3596316e+04   2.0625545e+04   1.6802411e+04   1.4491257e+04   1.6274109e+04   1.9399942e+04   1.3514585e+04   1.1021007e+04   1.2525165e+04   1.0564258e+04   1.0572733e+04   1.0734828e+04   1.0034331e+04   1.0675013e+04   1.4532864e+04   1.3708764e+04   1.2791970e+04   1.6390920e+04   1.8382041e+04   1.7792658e+04   1.8298469e+04   1.6481186e+04   1.2659589e+04   1.5725142e+04   1.5498336e+04   1.4769924e+04   1.3232284e+04   1.3282603e+04   1.2875969e+04   1.2639937e+04   9.7527199e+03   9.9376189e+03   9.7219842e+03   1.0189368e+04   1.9053161e+04   1.8785214e+04   1.9420379e+04   1.7088474e+04   1.4084102e+04   1.7625809e+04   1.4638617e+04   1.4856392e+04   1.4403820e+04   1.2753132e+04   1.3705017e+04   1.3727444e+04   1.2098801e+04   1.2130312e+04   1.1170788e+04   1.1459604e+04
   6.7530578e+03   0.0000000e+00   5.6356055e+03   6.5801851e+03   1.2580291e+04   1.2403023e+04   1.1584096e+04   1.2186043e+04   1.1765816e+04   1.3100560e+04   1.1456650e+04   1.1949677e+04   1.1258781e+04   1.1728515e+04   1.0579427e+04   1.1818555e+04   1.0597000e+04   1.0492013e+04   1.1149013e+04   9.7522452e+03   1.1353745e+04   1.0550125e+04   1.2122409e+04   1.0927656e+04   1.7137873e+04   1.2686539e+04   1.9422127e+04   1.9719584e+04   1.8673056e+04   1.5316551e+04   1.7743559e+04   1.7448751e+04   2.5209556e+04   2.1823353e+04   2.1638524e+04   2.0126176e+04   1.5847601e+04   1.6568227e+04   1.5228778e+04   1.5418358e+04   1.1182750e+04   1.4415804e+04   1.0734718e+04   2.4018968e+04   2.8671128e+04   1.8372048e+04   2.8483795e+04   1.7383398e+04   2.6670680e+04   2.0429222e+04   2.9108426e+04   2.4225033e+04   1.8313262e+04   1.4850985e+04   1.7687445e+04   2.2173321e+04   1.5319614e+04   1.1252050e+04   1.4927814e+04   1.0577624e+04   1.0826086e+04   1.1083581e+04   9.7961344e+03   1.0290989e+04   1.3578361e+04   1.3000629e+04   1.1782285e+04   1.6549292e+04   1.7910901e+04   1.6767666e+04   1.7889429e+04   1.6414997e+04   1.3512154e+04   1.4804664e+04   1.6367382e+04   1.4844004e+04   1.3318376e+04   1.2904827e+04   1.2383810e+04   1.2955862e+04   9.8178183e+03   1.0001795e+04   9.8340685e+03   1.0008037e+04   2.1526185e+04   2.1300115e+04   2.1874387e+04   1.8803710e+04   1.4848003e+04   1.9181807e+04   1.4853819e+04   1.5870681e+04   1.4720396e+04   1.3065088e+04   1.3897662e+04   1.3887498e+04   1.1542693e+04   1.1945543e+04   1.0591848e+04   1.0775097e+04
   5.8557847e+03   5.6356055e+03   0.0000000e+00   6.5930430e+03   1.3217159e+04   1.3429918e+04   1.2420629e+04   1.3323648e+04   1.1874112e+04   1.3431797e+04   1.1824656e+04   1.1775528e+04   1.1202113e+04   1.1555198e+04   1.0667766e+04   1.1752143e+04   1.1061956e+04   1.0917577e+04   1.1492102e+04   1.0193568e+04   1.1497820e+04   9.9901163e+03   1.2277638e+04   1.0804106e+04   1.7082947e+04   1.1977488e+04   1.9465723e+04   1.9481722e+04   1.7350459e+04   1.5499230e+04   1.7157515e+04   1.6946820e+04   2.3852863e+04   2.0689817e+04   2.0529270e+04   1.8776681e+04   1.5927114e+04   1.6504056e+04   1.5154131e+04   1.5317619e+04   1.0214759e+04   1.2904243e+04   9.6358136e+03   2.1164967e+04   2.5325437e+04   1.6946616e+04   2.5806496e+04   1.5637200e+04   2.3681572e+04   1.8807268e+04   2.5620006e+04   2.1585197e+04   1.6841621e+04   1.3988424e+04   1.6069922e+04   2.0181095e+04   1.3730683e+04   1.0792050e+04   1.4046052e+04   1.0138980e+04   1.0326952e+04   1.0769067e+04   9.4814358e+03   1.0167130e+04   1.3068095e+04   1.2670568e+04   1.1574440e+04   1.5541179e+04   1.7749161e+04   1.6636217e+04   1.7539456e+04   1.6394356e+04   1.2455129e+04   1.4842214e+04   1.5681373e+04   1.4168634e+04   1.3086704e+04   1.3110048e+04   1.2463268e+04   1.2941999e+04   8.8337647e+03   8.9731323e+03   8.9276857e+03   9.0598961e+03   1.9279755e+04   1.9065639e+04   1.9834771e+04   1.6929766e+04   1.3698893e+04   1.7576661e+04   1.3940410e+04   1.4635089e+04   1.3914664e+04   1.2318775e+04   1.3187576e+04   1.3216930e+04   1.1275889e+04   1.1695272e+04   1.0077158e+04   1.0293942e+04
   7.8536340e+03   6.5801851e+03   6.5930430e+03   0.0000000e+00   1.4723084e+04   1.4375865e+04   1.3655118e+04   1.4518961e+04   1.2165702e+04   1.4589147e+04   1.1787841e+04   1.3469096e+04   1.2514025e+04   1.3535131e+04   1.1607214e+04   1.2719254e+04   1.0929575e+04   1.1662484e+04   1.1615651e+04   1.1322538e+04   1.2158397e+04   1.2456219e+04   1.3118475e+04   1.2589303e+04   1.8587968e+04   1.4641364e+04   2.0827529e+04   2.0406296e+04   1.8821077e+04   1.6558636e+04   1.8572824e+04   1.8455173e+04   2.5509530e+04   2.2178126e+04   2.1601428e+04   2.0775839e+04   1.6052967e+04   1.6325082e+04   1.5622620e+04   1.5880024e+04   1.1837240e+04   1.4128523e+04   1.2877307e+04   2.3099740e+04   2.7881745e+04   1.9235573e+04   2.7369416e+04   1.8225974e+04   2.4782049e+04   2.0033188e+04   2.6498579e+04   2.3178093e+04   1.8088204e+04   1.4972542e+04   1.7734696e+04   2.0288054e+04   1.5018968e+04   1.2132485e+04   1.4438435e+04   1.1309459e+04   1.0577274e+04   1.0253359e+04   9.6437809e+03   1.0353419e+04   1.5393575e+04   1.4614311e+04   1.3936402e+04   1.7590705e+04   1.8423674e+04   1.7677608e+04   1.8334435e+04   1.7008305e+04   1.4095679e+04   1.5189165e+04   1.6379196e+04   1.5489529e+04   1.3436142e+04   1.2922243e+04   1.2651752e+04   1.3010250e+04   1.1481289e+04   1.1693747e+04   1.1365613e+04   1.1375485e+04   2.2538615e+04   2.2215101e+04   2.2628214e+04   1.9885337e+04   1.6021436e+04   1.9238859e+04   1.6008073e+04   1.6649369e+04   1.4858349e+04   1.3895155e+04   1.4528322e+04   1.4673087e+04   1.2782485e+04   1.2718054e+04   1.2173841e+04   1.2348081e+04
   1.4117113e+04   1.2580291e+04   1.3217159e+04   1.4723084e+04   0.0000000e+00   8.8647317e+03   8.2593950e+03   8.4342960e+03   1.2328428e+04   1.4485274e+04   1.2267498e+04   1.4229497e+04   1.5624144e+04   1.5446257e+04   1.4753981e+04   1.5019154e+04   1.3945595e+04   1.3956139e+04   1.4273356e+04   1.2983353e+04   1.6892827e+04   1.4101979e+04   1.7292009e+04   1.6430265e+04   1.5166340e+04   1.2446436e+04   1.7814422e+04   1.8146040e+04   2.0582729e+04   1.7039550e+04   1.8875902e+04   1.8689100e+04   2.5983836e+04   2.3054812e+04   2.3077387e+04   2.1566542e+04   1.7829797e+04   1.8987063e+04   1.8188212e+04   1.7635431e+04   1.6757867e+04   1.8209429e+04   1.3781183e+04   2.5713632e+04   2.7615143e+04   1.8454468e+04   2.7600804e+04   1.7043595e+04   2.7017662e+04   2.2055807e+04   2.8699193e+04   2.4820922e+04   2.0642034e+04   1.7267232e+04   2.0012379e+04   2.3352943e+04   1.8141488e+04   1.5114835e+04   1.6729348e+04   1.4003504e+04   1.5411078e+04   1.6594596e+04   1.5592239e+04   1.6241336e+04   1.3719376e+04   1.3697532e+04   1.2791775e+04   1.6720852e+04   1.9837490e+04   1.8422064e+04   1.8925001e+04   1.7781455e+04   1.7373668e+04   1.7823976e+04   1.9190866e+04   1.8766292e+04   1.7270826e+04   1.5545450e+04   1.5175086e+04   1.5106334e+04   1.5567755e+04   1.5192988e+04   1.5388787e+04   1.5689114e+04   2.0470753e+04   2.0352454e+04   2.0421994e+04   1.8017114e+04   1.5687711e+04   1.9575512e+04   1.5741578e+04   1.6541383e+04   1.6772784e+04   1.6210632e+04   1.6642092e+04   1.6587391e+04   1.4740312e+04   1.4834605e+04   1.4245202e+04   1.4317128e+04
   1.3942225e+04   1.2403023e+04   1.3429918e+04   1.4375865e+04   8.8647317e+03   0.0000000e+00   8.1341184e+03   8.1502266e+03   1.1676393e+04   1.3092683e+04   1.1467415e+04   1.3311470e+04   1.4980912e+04   1.5060270e+04   1.4288974e+04   1.5055950e+04   1.3636439e+04   1.3223616e+04   1.3577401e+04   1.2746162e+04   1.6533464e+04   1.3941872e+04   1.7209257e+04   1.6254214e+04   1.5089923e+04   1.3477144e+04   1.7731655e+04   1.8084306e+04   2.0741879e+04   1.6738002e+04   1.7595342e+04   1.7335326e+04   2.4829491e+04   2.1885721e+04   2.1787941e+04   2.0610215e+04   1.7342326e+04   1.8551957e+04   1.7615705e+04   1.7303003e+04   1.7778919e+04   1.8708791e+04   1.5109771e+04   2.6972393e+04   3.0103042e+04   1.9573760e+04   3.0639876e+04   1.8597564e+04   2.8179488e+04   2.3035597e+04   2.9897721e+04   2.6112405e+04   2.1565254e+04   1.7746475e+04   2.0445162e+04   2.4445696e+04   1.8106201e+04   1.5622125e+04   1.7277371e+04   1.4314854e+04   1.6057301e+04   1.6694591e+04   1.5708509e+04   1.6239831e+04   1.4384170e+04   1.4391414e+04   1.3711231e+04   1.7859340e+04   1.9365702e+04   1.7660186e+04   1.8368781e+04   1.7041410e+04   1.8136574e+04   1.7555997e+04   2.0067384e+04   1.9522258e+04   1.7212720e+04   1.5912540e+04   1.5594941e+04   1.5140811e+04   1.6596033e+04   1.6210846e+04   1.6651333e+04   1.6576901e+04   2.2541542e+04   2.2391014e+04   2.2387095e+04   1.9682206e+04   1.6670103e+04   2.0561107e+04   1.6350755e+04   1.7396846e+04   1.7642967e+04   1.7145163e+04   1.7404213e+04   1.7406977e+04   1.5483943e+04   1.5335408e+04   1.4931904e+04   1.4864879e+04
   1.3116139e+04   1.1584096e+04   1.2420629e+04   1.3655118e+04   8.2593950e+03   8.1341184e+03   0.0000000e+00   7.7248855e+03   1.2163799e+04   1.3665675e+04   1.1873065e+04   1.3465568e+04   1.5156818e+04   1.4940783e+04   1.4436174e+04   1.4838732e+04   1.3207458e+04   1.3223754e+04   1.3660520e+04   1.2250090e+04   1.6344187e+04   1.3817632e+04   1.7102217e+04   1.6055391e+04   1.4925721e+04   1.3183785e+04   1.7828634e+04   1.7913700e+04   2.0641913e+04   1.6787488e+04   1.8154748e+04   1.7722425e+04   2.5601422e+04   2.2634120e+04   2.2486403e+04   2.1012279e+04   1.7579856e+04   1.8655017e+04   1.7855349e+04   1.7416069e+04   1.7120373e+04   1.8243071e+04   1.4359435e+04   2.6278744e+04   2.8974750e+04   1.9126003e+04   2.9497817e+04   1.7832517e+04   2.7720318e+04   2.2402973e+04   2.9605626e+04   2.5498108e+04   2.1043127e+04   1.7337914e+04   2.0116427e+04   2.3496582e+04   1.7769560e+04   1.5142322e+04   1.6957529e+04   1.3978852e+04   1.5463517e+04   1.6271236e+04   1.5519747e+04   1.6026923e+04   1.4065336e+04   1.4220965e+04   1.3131088e+04   1.7474761e+04   1.9917310e+04   1.8315324e+04   1.8713193e+04   1.7556701e+04   1.7474607e+04   1.7653528e+04   1.9315109e+04   1.9149808e+04   1.7403400e+04   1.5444486e+04   1.5210473e+04   1.4992183e+04   1.5790531e+04   1.5566131e+04   1.5874036e+04   1.6091518e+04   2.1735443e+04   2.1544502e+04   2.1630388e+04   1.8958290e+04   1.6346926e+04   2.0211638e+04   1.6199681e+04   1.7092055e+04   1.7197203e+04   1.6551628e+04   1.6828352e+04   1.6943053e+04   1.5206742e+04   1.5032247e+04   1.4466976e+04   1.4633794e+04
   1.3798494e+04   1.2186043e+04   1.3323648e+04   1.4518961e+04   8.4342960e+03   8.1502266e+03   7.7248855e+03   0.0000000e+00   1.1821483e+04   1.3717931e+04   1.1804441e+04   1.3422067e+04   1.4861696e+04   1.4784538e+04   1.3884976e+04   1.4718869e+04   1.3512513e+04   1.3252828e+04   1.3357176e+04   1.1998379e+04   1.6277414e+04   1.3965530e+04   1.7049238e+04   1.6163299e+04   1.4844646e+04   1.3497449e+04   1.7142199e+04   1.7729304e+04   2.1642561e+04   1.6564793e+04   1.8355902e+04   1.7726707e+04   2.5693231e+04   2.2771874e+04   2.2508035e+04   2.1194113e+04   1.7342801e+04   1.8470409e+04   1.7827429e+04   1.7311875e+04   1.7398484e+04   1.8694190e+04   1.4632296e+04   2.8046379e+04   3.1790164e+04   2.0119524e+04   3.1706627e+04   1.8743067e+04   3.0020464e+04   2.3789992e+04   3.1905022e+04   2.7353373e+04   2.1681682e+04   1.7510767e+04   2.0968058e+04   2.4884786e+04   1.8555909e+04   1.5359142e+04   1.7415546e+04   1.4291778e+04   1.5690146e+04   1.6489153e+04   1.5382028e+04   1.6027436e+04   1.4317952e+04   1.4573887e+04   1.3321598e+04   1.8182299e+04   2.0132534e+04   1.8227079e+04   1.9135042e+04   1.7668751e+04   1.7898847e+04   1.7838763e+04   1.9753273e+04   1.9512468e+04   1.7323294e+04   1.5459969e+04   1.5123609e+04   1.5002097e+04   1.6367431e+04   1.5943104e+04   1.6224036e+04   1.6276464e+04   2.2875872e+04   2.2789805e+04   2.2677423e+04   1.9720348e+04   1.6517884e+04   2.0788286e+04   1.6306594e+04   1.7383597e+04   1.7387256e+04   1.6679579e+04   1.7054069e+04   1.7078633e+04   1.5326654e+04   1.5155262e+04   1.4661355e+04   1.4732129e+04
   1.2380057e+04   1.1765816e+04   1.1874112e+04   1.2165702e+04   1.2328428e+04   1.1676393e+04   1.2163799e+04   1.1821483e+04   0.0000000e+00   8.1294172e+03   7.0765423e+03   9.4367625e+03   1.3082398e+04   1.3218886e+04   1.2023893e+04   1.3124654e+04   1.0674297e+04   1.0382882e+04   1.0464338e+04   1.0529428e+04   1.3031813e+04   1.3010760e+04   1.3777900e+04   1.4550904e+04   1.8020416e+04   1.3537736e+04   1.9768142e+04   2.0020751e+04   1.9390420e+04   1.6004281e+04   1.7927597e+04   1.6668989e+04   2.5927572e+04   2.2432939e+04   2.1970179e+04   2.1208271e+04   1.6386490e+04   1.7534703e+04   1.5864677e+04   1.6333343e+04   1.3510360e+04   1.5954718e+04   1.3162887e+04   2.4004057e+04   2.8908594e+04   2.0296648e+04   2.9090153e+04   1.8088819e+04   2.6090603e+04   2.1209457e+04   2.8191527e+04   2.4195697e+04   1.9517704e+04   1.5569652e+04   1.8496958e+04   2.2076388e+04   1.5568183e+04   1.2005061e+04   1.5138798e+04   1.1333649e+04   1.3237802e+04   1.3194549e+04   1.1517099e+04   1.2786431e+04   1.4214649e+04   1.4061694e+04   1.3522482e+04   1.6554967e+04   1.7120754e+04   1.5584007e+04   1.6005462e+04   1.5171288e+04   1.3976400e+04   1.5155344e+04   1.6509567e+04   1.5193909e+04   1.2740635e+04   1.2307093e+04   1.1999026e+04   1.2439330e+04   1.3694207e+04   1.3740232e+04   1.3456470e+04   1.3909547e+04   2.1732583e+04   2.1567453e+04   2.2031604e+04   1.8927569e+04   1.4434649e+04   1.8025696e+04   1.4507794e+04   1.5165105e+04   1.5947922e+04   1.4542476e+04   1.5389369e+04   1.4933220e+04   1.2647279e+04   1.2904635e+04   1.2523614e+04   1.2750109e+04
   1.3563919e+04   1.3100560e+04   1.3431797e+04   1.4589147e+04   1.4485274e+04   1.3092683e+04   1.3665675e+04   1.3717931e+04   8.1294172e+03   0.0000000e+00   9.5252002e+03   9.5922391e+03   1.4073093e+04   1.4130277e+04   1.3222143e+04   1.4466878e+04   1.1383076e+04   1.0872306e+04   1.2552752e+04   1.1081463e+04   1.5884380e+04   1.5897524e+04   1.7313286e+04   1.7271329e+04   2.0091352e+04   1.5745117e+04   2.1363793e+04   2.1387610e+04   2.0596285e+04   1.7689254e+04   1.8571720e+04   1.7688956e+04   2.6701426e+04   2.3320983e+04   2.2385720e+04   2.1681291e+04   1.8392954e+04   2.0259958e+04   1.8970017e+04   1.8893304e+04   1.6859291e+04   1.7778433e+04   1.6500322e+04   2.4832506e+04   2.9262068e+04   2.1081839e+04   2.9830891e+04   1.9345117e+04   2.6292900e+04   2.1925330e+04   2.8174260e+04   2.4564511e+04   2.0706534e+04   1.7600621e+04   1.9812327e+04   2.2961146e+04   1.7009593e+04   1.4255382e+04   1.6325371e+04   1.4243184e+04   1.5953717e+04   1.6252389e+04   1.4762262e+04   1.5751696e+04   1.6177202e+04   1.5758459e+04   1.5459992e+04   1.7857323e+04   1.7585239e+04   1.6367937e+04   1.6674221e+04   1.5655995e+04   1.6568787e+04   1.6052621e+04   1.8809845e+04   1.7549625e+04   1.5956871e+04   1.5780380e+04   1.5088898e+04   1.4677826e+04   1.6484300e+04   1.6545084e+04   1.5992934e+04   1.7040506e+04   2.2973213e+04   2.2749923e+04   2.3105752e+04   2.0796667e+04   1.5683289e+04   1.8565520e+04   1.5154373e+04   1.5927170e+04   1.7122075e+04   1.7102784e+04   1.7485040e+04   1.7389810e+04   1.5966669e+04   1.5954639e+04   1.4735906e+04   1.5143615e+04
   1.2446207e+04   1.1456650e+04   1.1824656e+04   1.1787841e+04   1.2267498e+04   1.1467415e+04   1.1873065e+04   1.1804441e+04   7.0765423e+03   9.5252002e+03   0.0000000e+00   1.0386505e+04   1.3317291e+04   1.2749843e+04   1.2316952e+04   1.2987210e+04   1.0227819e+04   9.9392580e+03   1.0072134e+04   1.0702387e+04   1.3043506e+04   1.2922783e+04   1.3398490e+04   1.4147191e+04   1.7503595e+04   1.2754760e+04   2.0123774e+04   1.9838504e+04   1.8380373e+04   1.5869349e+04   1.7509561e+04   1.6339989e+04   2.5775904e+04   2.2157188e+04   2.1621776e+04   2.0711828e+04   1.5446991e+04   1.6643791e+04   1.5475909e+04   1.5491135e+04   1.3266703e+04   1.5594931e+04   1.3141319e+04   2.2930500e+04   2.7244204e+04   1.9185502e+04   2.8080707e+04   1.7020764e+04   2.5140180e+04   2.0141728e+04   2.7080347e+04   2.2820390e+04   1.8783298e+04   1.5024444e+04   1.7602213e+04   2.1266319e+04   1.4614553e+04   1.1288484e+04   1.4818147e+04   1.0727364e+04   1.3108604e+04   1.3069675e+04   1.1423836e+04   1.2467686e+04   1.3780807e+04   1.3555063e+04   1.3089907e+04   1.5597303e+04   1.7216732e+04   1.6342808e+04   1.6324115e+04   1.5672345e+04   1.3643972e+04   1.5563950e+04   1.6323900e+04   1.5161656e+04   1.2850105e+04   1.2539877e+04   1.2031046e+04   1.1947241e+04   1.3589847e+04   1.3693233e+04   1.3154936e+04   1.3548509e+04   2.0425765e+04   2.0156983e+04   2.0781267e+04   1.7773722e+04   1.4454041e+04   1.7666109e+04   1.4516331e+04   1.5107178e+04   1.5526067e+04   1.4101240e+04   1.4882200e+04   1.4500361e+04   1.1982775e+04   1.2062650e+04   1.2265520e+04   1.2431994e+04
   1.1906843e+04   1.1949677e+04   1.1775528e+04   1.3469096e+04   1.4229497e+04   1.3311470e+04   1.3465568e+04   1.3422067e+04   9.4367625e+03   9.5922391e+03   1.0386505e+04   0.0000000e+00   1.2730305e+04   1.2923786e+04   1.1859347e+04   1.3086997e+04   1.1577280e+04   1.1249877e+04   1.2316216e+04   1.0896200e+04   1.3922229e+04   1.3848526e+04   1.5207785e+04   1.5082306e+04   1.9766893e+04   1.3901204e+04   2.0133476e+04   2.1005677e+04   1.9581045e+04   1.5669459e+04   1.7045177e+04   1.6270286e+04   2.6231297e+04   2.2661591e+04   2.1960747e+04   2.0976224e+04   1.7008850e+04   1.8355145e+04   1.7495909e+04   1.7186747e+04   1.4274338e+04   1.5796052e+04   1.3553372e+04   2.6265232e+04   3.1089025e+04   2.0298070e+04   3.0797395e+04   1.8576540e+04   2.6572707e+04   2.0996771e+04   2.9237765e+04   2.4782224e+04   1.9508703e+04   1.5229533e+04   1.8449101e+04   2.3239451e+04   1.5650992e+04   1.2927507e+04   1.5312334e+04   1.2726057e+04   1.4335813e+04   1.4452107e+04   1.2690743e+04   1.3645616e+04   1.4188261e+04   1.3710804e+04   1.3377169e+04   1.6796789e+04   1.6395642e+04   1.4723259e+04   1.5828759e+04   1.4201026e+04   1.4638650e+04   1.5144285e+04   1.7099293e+04   1.5472210e+04   1.4294779e+04   1.5068961e+04   1.4090040e+04   1.3869507e+04   1.3781567e+04   1.3768130e+04   1.3543461e+04   1.4131768e+04   2.3550417e+04   2.3166751e+04   2.3673394e+04   2.0465972e+04   1.3888300e+04   1.8180003e+04   1.3641240e+04   1.4643606e+04   1.4868854e+04   1.4013045e+04   1.4841462e+04   1.4427333e+04   1.4131164e+04   1.4215394e+04   1.2962736e+04   1.3234765e+04
   1.1774717e+04   1.1258781e+04   1.1202113e+04   1.2514025e+04   1.5624144e+04   1.4980912e+04   1.5156818e+04   1.4861696e+04   1.3082398e+04   1.4073093e+04   1.3317291e+04   1.2730305e+04   0.0000000e+00   7.8460479e+03   7.2310495e+03   7.9954814e+03   1.1953757e+04   1.2263677e+04   1.2590391e+04   1.1314013e+04   1.3943447e+04   1.2785118e+04   1.5867992e+04   1.3954814e+04   1.9335657e+04   1.5187549e+04   2.1263141e+04   2.1081014e+04   2.1291848e+04   1.6793394e+04   1.8242213e+04   1.8625698e+04   2.2388172e+04   1.9610658e+04   1.8252914e+04   1.7524388e+04   1.6461641e+04   1.5796301e+04   1.5243598e+04   1.5783104e+04   1.4636204e+04   1.7122808e+04   1.4116923e+04   2.6956900e+04   3.2002903e+04   2.1022378e+04   3.2095659e+04   1.8411225e+04   2.9048919e+04   2.3021056e+04   3.1505066e+04   2.6462360e+04   1.8395379e+04   1.3632986e+04   1.7602595e+04   2.2506245e+04   1.6652557e+04   1.3943981e+04   1.6100031e+04   1.2590463e+04   1.3217034e+04   1.4157693e+04   1.2273491e+04   1.2621907e+04   1.6380639e+04   1.6065116e+04   1.5477078e+04   1.7864268e+04   1.9320568e+04   1.8195864e+04   1.9284587e+04   1.7834957e+04   1.3070967e+04   1.3721269e+04   1.5781719e+04   1.3967241e+04   1.4881661e+04   1.4830692e+04   1.3862795e+04   1.4086138e+04   1.3127051e+04   1.3193960e+04   1.3092759e+04   1.3540945e+04   2.3252514e+04   2.2931702e+04   2.3683877e+04   2.0107121e+04   1.5956164e+04   2.0369366e+04   1.5955944e+04   1.6937751e+04   1.2722755e+04   1.2100852e+04   1.2563565e+04   1.2776620e+04   1.3547532e+04   1.3960637e+04   1.2373100e+04   1.2821769e+04
   1.2040190e+04   1.1728515e+04   1.1555198e+04   1.3535131e+04   1.5446257e+04   1.5060270e+04   1.4940783e+04   1.4784538e+04   1.3218886e+04   1.4130277e+04   1.2749843e+04   1.2923786e+04   7.8460479e+03   0.0000000e+00   7.0987666e+03   7.9175605e+03   1.2650200e+04   1.2913518e+04   1.3079977e+04   1.2101000e+04   1.4562356e+04   1.3437117e+04   1.6497911e+04   1.4827458e+04   1.9755504e+04   1.5122265e+04   2.1955967e+04   2.1921903e+04   2.0803586e+04   1.7412390e+04   1.8475554e+04   1.8165220e+04   2.3050312e+04   2.0095320e+04   1.8746028e+04   1.8134326e+04   1.7439029e+04   1.6804668e+04   1.6330722e+04   1.6704372e+04   1.4664887e+04   1.6693035e+04   1.4125068e+04   2.4428359e+04   2.8949314e+04   2.0348477e+04   2.9642812e+04   1.8595217e+04   2.6558407e+04   2.2210641e+04   2.8653934e+04   2.4881391e+04   1.8111304e+04   1.3565330e+04   1.7391588e+04   2.1881204e+04   1.5839448e+04   1.4230501e+04   1.5665698e+04   1.2844298e+04   1.3248614e+04   1.3906311e+04   1.2409305e+04   1.2912861e+04   1.5931816e+04   1.5692523e+04   1.5068521e+04   1.7410110e+04   1.8573646e+04   1.7455101e+04   1.8349832e+04   1.7147202e+04   1.2653723e+04   1.3339353e+04   1.5279061e+04   1.3524089e+04   1.5066617e+04   1.4852972e+04   1.3872179e+04   1.4133153e+04   1.3497110e+04   1.3509947e+04   1.3313119e+04   1.3902058e+04   2.1919790e+04   2.1698245e+04   2.2284477e+04   1.9519928e+04   1.6094695e+04   1.9598303e+04   1.6050445e+04   1.6933582e+04   1.2903837e+04   1.2045668e+04   1.2437074e+04   1.2563286e+04   1.3818944e+04   1.4189555e+04   1.2823318e+04   1.3241132e+04
   1.1069681e+04   1.0579427e+04   1.0667766e+04   1.1607214e+04   1.4753981e+04   1.4288974e+04   1.4436174e+04   1.3884976e+04   1.2023893e+04   1.3222143e+04   1.2316952e+04   1.1859347e+04   7.2310495e+03   7.0987666e+03   0.0000000e+00   6.6108826e+03   1.1277232e+04   1.1586757e+04   1.1904793e+04   1.0654150e+04   1.2649910e+04   1.1983097e+04   1.4318014e+04   1.3145429e+04   1.8603240e+04   1.3971622e+04   2.0554928e+04   2.0585151e+04   1.9811457e+04   1.6084985e+04   1.7700451e+04   1.7544620e+04   2.2631207e+04   1.9850520e+04   1.8396819e+04   1.7875861e+04   1.5900999e+04   1.5895347e+04   1.4863134e+04   1.5431947e+04   1.3405764e+04   1.6209020e+04   1.2378086e+04   2.3827703e+04   2.8315439e+04   2.0184919e+04   2.8299749e+04   1.7657417e+04   2.5524280e+04   2.1226135e+04   2.6929938e+04   2.3826414e+04   1.7982038e+04   1.3092069e+04   1.7476213e+04   2.2140412e+04   1.5097077e+04   1.2338185e+04   1.5187406e+04   1.1714144e+04   1.2156348e+04   1.2855602e+04   1.0953014e+04   1.1354992e+04   1.4972333e+04   1.4608596e+04   1.3878325e+04   1.6802389e+04   1.8088749e+04   1.6778551e+04   1.7882676e+04   1.6656384e+04   1.1938741e+04   1.2662433e+04   1.4922702e+04   1.3367428e+04   1.3049864e+04   1.3384937e+04   1.2422702e+04   1.2632750e+04   1.2059639e+04   1.1896627e+04   1.1685532e+04   1.2239766e+04   2.1642328e+04   2.1086261e+04   2.1717991e+04   1.8938447e+04   1.4725847e+04   1.8695428e+04   1.4949548e+04   1.5765805e+04   1.2245561e+04   1.1224535e+04   1.2083399e+04   1.2009117e+04   1.2453219e+04   1.2590733e+04   1.1428347e+04   1.1530031e+04
   1.1940424e+04   1.1818555e+04   1.1752143e+04   1.2719254e+04   1.5019154e+04   1.5055950e+04   1.4838732e+04   1.4718869e+04   1.3124654e+04   1.4466878e+04   1.2987210e+04   1.3086997e+04   7.9954814e+03   7.9175605e+03   6.6108826e+03   0.0000000e+00   1.2091475e+04   1.2654877e+04   1.2611267e+04   1.1467739e+04   1.4182997e+04   1.3388520e+04   1.5844878e+04   1.4524767e+04   1.9787120e+04   1.4475658e+04   2.1734486e+04   2.1860999e+04   1.9764167e+04   1.7024924e+04   1.8860854e+04   1.9108552e+04   2.3266600e+04   2.0424088e+04   1.9305240e+04   1.8497333e+04   1.6995120e+04   1.6662402e+04   1.5857374e+04   1.6299938e+04   1.4037100e+04   1.6369748e+04   1.3749436e+04   2.4600994e+04   2.7683041e+04   1.9646072e+04   2.7151223e+04   1.7833779e+04   2.5202741e+04   2.0611723e+04   2.7110055e+04   2.3241343e+04   1.6205009e+04   1.3632089e+04   1.6625225e+04   2.0180336e+04   1.5703366e+04   1.3361581e+04   1.4804114e+04   1.2412512e+04   1.2800335e+04   1.3637054e+04   1.1791579e+04   1.2326285e+04   1.5601161e+04   1.5225232e+04   1.4705693e+04   1.7306605e+04   1.8364595e+04   1.7135271e+04   1.8005719e+04   1.6559314e+04   1.3006627e+04   1.3108435e+04   1.4968515e+04   1.4050300e+04   1.4140407e+04   1.3946305e+04   1.3179568e+04   1.3305707e+04   1.3152820e+04   1.3090408e+04   1.2894046e+04   1.3342841e+04   2.2288589e+04   2.1747472e+04   2.2356730e+04   1.9528139e+04   1.5449466e+04   1.9770499e+04   1.5576580e+04   1.6276553e+04   1.2761490e+04   1.2373577e+04   1.2823980e+04   1.3237753e+04   1.3217335e+04   1.3672314e+04   1.2451600e+04   1.2760465e+04
   1.0715497e+04   1.0597000e+04   1.1061956e+04   1.0929575e+04   1.3945595e+04   1.3636439e+04   1.3207458e+04   1.3512513e+04   1.0674297e+04   1.1383076e+04   1.0227819e+04   1.1577280e+04   1.1953757e+04   1.2650200e+04   1.1277232e+04   1.2091475e+04   0.0000000e+00   5.7955307e+03   6.8009352e+03   6.0054841e+03   1.0864701e+04   1.2125041e+04   1.1582606e+04   1.3200605e+04   1.8485927e+04   1.4016470e+04   2.1578592e+04   2.0515789e+04   2.0092683e+04   1.5252057e+04   1.7417802e+04   1.6600307e+04   2.4414253e+04   2.1181440e+04   2.0751487e+04   1.9825260e+04   1.4378774e+04   1.6454693e+04   1.4262535e+04   1.4793797e+04   1.3382996e+04   1.6130249e+04   1.2673026e+04   2.4252827e+04   2.8972784e+04   2.0112727e+04   2.8472360e+04   1.8546984e+04   2.6205494e+04   2.0836361e+04   2.8187095e+04   2.4378807e+04   1.8457120e+04   1.5812881e+04   1.8390675e+04   2.1537281e+04   1.4758681e+04   9.9558030e+03   1.1994028e+04   9.9317768e+03   1.3178553e+04   1.2782633e+04   1.1245763e+04   1.1889439e+04   1.5585625e+04   1.5390515e+04   1.4391648e+04   1.8126594e+04   1.8213371e+04   1.7407652e+04   1.7421457e+04   1.6335741e+04   1.3919363e+04   1.5341331e+04   1.6683042e+04   1.6016055e+04   1.2207575e+04   1.1367184e+04   1.1481584e+04   1.1309820e+04   1.2767446e+04   1.2911757e+04   1.2462559e+04   1.3045567e+04   2.4065755e+04   2.3862567e+04   2.4501419e+04   2.0861608e+04   1.4914969e+04   1.9883152e+04   1.5246113e+04   1.6206673e+04   1.5615609e+04   1.3716075e+04   1.4982637e+04   1.4657345e+04   1.0900576e+04   1.1227562e+04   1.0582726e+04   1.0818225e+04
   1.1131994e+04   1.0492013e+04   1.0917577e+04   1.1662484e+04   1.3956139e+04   1.3223616e+04   1.3223754e+04   1.3252828e+04   1.0382882e+04   1.0872306e+04   9.9392580e+03   1.1249877e+04   1.2263677e+04   1.2913518e+04   1.1586757e+04   1.2654877e+04   5.7955307e+03   0.0000000e+00   6.2784169e+03   6.0202198e+03   1.1527560e+04   1.2003814e+04   1.2065692e+04   1.3082439e+04   1.8524144e+04   1.4095403e+04   2.1425697e+04   2.0680022e+04   2.1882785e+04   1.5082625e+04   1.7372089e+04   1.6377258e+04   2.4436627e+04   2.1154800e+04   2.0646771e+04   1.9551564e+04   1.4048638e+04   1.6163199e+04   1.4157053e+04   1.4485351e+04   1.3871256e+04   1.7644435e+04   1.3166648e+04   2.8395482e+04   3.4166187e+04   2.2691447e+04   3.4364056e+04   1.9759198e+04   2.9676170e+04   2.3559639e+04   3.2541761e+04   2.7255435e+04   2.2009004e+04   1.6583878e+04   2.0565280e+04   2.5477914e+04   1.6193412e+04   1.0728822e+04   1.5967400e+04   1.0452911e+04   1.3363862e+04   1.3584458e+04   1.1504757e+04   1.2218957e+04   1.5539369e+04   1.5401975e+04   1.4263051e+04   1.8308095e+04   1.8522948e+04   1.7263677e+04   1.7692964e+04   1.6209366e+04   1.4189717e+04   1.5575809e+04   1.8442852e+04   1.6509532e+04   1.2138752e+04   1.1707503e+04   1.1620262e+04   1.1361217e+04   1.3099307e+04   1.3144009e+04   1.2750286e+04   1.3317453e+04   2.4954075e+04   2.4722971e+04   2.5323571e+04   2.1590047e+04   1.4983566e+04   1.9985557e+04   1.5337783e+04   1.6148338e+04   1.6060147e+04   1.4237904e+04   1.5562778e+04   1.5201370e+04   1.1316766e+04   1.1499337e+04   1.0805171e+04   1.0891650e+04
   1.1966804e+04   1.1149013e+04   1.1492102e+04   1.1615651e+04   1.4273356e+04   1.3577401e+04   1.3660520e+04   1.3357176e+04   1.0464338e+04   1.2552752e+04   1.0072134e+04   1.2316216e+04   1.2590391e+04   1.3079977e+04   1.1904793e+04   1.2611267e+04   6.8009352e+03   6.2784169e+03   0.0000000e+00   6.6415211e+03   1.1593929e+04   1.1987062e+04   1.1829514e+04   1.3298066e+04   1.8606380e+04   1.5092367e+04   2.2290372e+04   2.1730120e+04   2.3212595e+04   1.5470538e+04   1.7216834e+04   1.6009066e+04   2.3953470e+04   2.0408914e+04   2.0055739e+04   1.9224241e+04   1.3116340e+04   1.4612347e+04   1.2539315e+04   1.3120928e+04   1.3953549e+04   1.8042954e+04   1.3759469e+04   3.0852573e+04   3.7236633e+04   2.3795645e+04   3.7346059e+04   2.1231947e+04   3.2224130e+04   2.5092609e+04   3.5031710e+04   2.9404416e+04   2.2233705e+04   1.7066396e+04   2.1407136e+04   2.6644259e+04   1.7029098e+04   1.1044368e+04   1.5889237e+04   1.0138816e+04   1.3538733e+04   1.3973339e+04   1.1997437e+04   1.2363448e+04   1.5929676e+04   1.6162440e+04   1.4842098e+04   1.9381907e+04   1.9204751e+04   1.7345596e+04   1.8383457e+04   1.6634410e+04   1.5362475e+04   1.6629580e+04   1.8748569e+04   1.7216392e+04   1.2174468e+04   1.1571346e+04   1.1491252e+04   1.1646280e+04   1.3489761e+04   1.3565454e+04   1.3311711e+04   1.3328715e+04   2.7461784e+04   2.7321624e+04   2.7446472e+04   2.3325441e+04   1.6723728e+04   2.2187807e+04   1.6638425e+04   1.8222611e+04   1.6739255e+04   1.5173621e+04   1.6570229e+04   1.6125308e+04   1.1018876e+04   1.1472929e+04   1.1003549e+04   1.1160292e+04
   1.0467516e+04   9.7522452e+03   1.0193568e+04   1.1322538e+04   1.2983353e+04   1.2746162e+04   1.2250090e+04   1.1998379e+04   1.0529428e+04   1.1081463e+04   1.0702387e+04   1.0896200e+04   1.1314013e+04   1.2101000e+04   1.0654150e+04   1.1467739e+04   6.0054841e+03   6.0202198e+03   6.6415211e+03   0.0000000e+00   9.8922098e+03   1.0446882e+04   1.0256701e+04   1.2150579e+04   1.7924831e+04   1.4404440e+04   2.0297074e+04   2.0237490e+04   2.3200765e+04   1.4404326e+04   1.6541311e+04   1.5904917e+04   2.3961483e+04   2.0529044e+04   1.9400879e+04   1.9116562e+04   1.4008490e+04   1.5134800e+04   1.3261352e+04   1.3704258e+04   1.3175256e+04   1.7452421e+04   1.0701603e+04   3.0225669e+04   3.6909617e+04   2.3106246e+04   3.7035161e+04   2.0484207e+04   3.1985689e+04   2.4646650e+04   3.4929182e+04   2.8987351e+04   2.0922776e+04   1.6091465e+04   2.0078109e+04   2.5860725e+04   1.6499300e+04   1.0074890e+04   1.5155548e+04   9.6510919e+03   1.2934269e+04   1.3233827e+04   1.0801023e+04   1.1308479e+04   1.5121227e+04   1.5286889e+04   1.4213192e+04   1.8632616e+04   1.8730706e+04   1.6075069e+04   1.7893990e+04   1.5954215e+04   1.4014046e+04   1.5260588e+04   1.8146305e+04   1.6286946e+04   1.2034830e+04   1.1044646e+04   1.0937353e+04   1.1281369e+04   1.1887416e+04   1.1866661e+04   1.0943669e+04   1.1966477e+04   2.6273632e+04   2.5883523e+04   2.6708452e+04   2.2288958e+04   1.4866855e+04   2.0963808e+04   1.5274981e+04   1.6639491e+04   1.4952278e+04   1.3741315e+04   1.5045120e+04   1.4859469e+04   1.0836651e+04   1.1502154e+04   9.4815864e+03   9.7617159e+03
   1.2330377e+04   1.1353745e+04   1.1497820e+04   1.2158397e+04   1.6892827e+04   1.6533464e+04   1.6344187e+04   1.6277414e+04   1.3031813e+04   1.5884380e+04   1.3043506e+04   1.3922229e+04   1.3943447e+04   1.4562356e+04   1.2649910e+04   1.4182997e+04   1.0864701e+04   1.1527560e+04   1.1593929e+04   9.8922098e+03   0.0000000e+00   7.8798157e+03   5.0015887e+03   7.1199210e+03   1.4610287e+04   1.3830290e+04   1.6523791e+04   1.6252562e+04   2.2639242e+04   1.0861042e+04   1.2827017e+04   1.2565661e+04   1.8097417e+04   1.5469812e+04   1.4843500e+04   1.4659539e+04   1.1508294e+04   1.2451782e+04   1.0422467e+04   1.1094998e+04   1.3128517e+04   1.7308804e+04   1.1206829e+04   3.0644533e+04   3.7192059e+04   2.3899176e+04   3.7600052e+04   2.1131387e+04   3.3074645e+04   2.5866381e+04   3.6384232e+04   3.0712522e+04   2.2833717e+04   1.7630517e+04   2.1692568e+04   2.8450158e+04   1.7918741e+04   1.2067649e+04   1.7356626e+04   1.1684355e+04   1.4519344e+04   1.4824785e+04   1.1857068e+04   1.2599599e+04   1.9093814e+04   1.8737620e+04   1.6937607e+04   2.2664384e+04   2.3089992e+04   2.2009808e+04   2.2696152e+04   2.1084067e+04   1.6596157e+04   1.9142049e+04   2.0607998e+04   1.9061323e+04   1.6478411e+04   1.5871324e+04   1.5541146e+04   1.5611112e+04   1.1635992e+04   1.1362003e+04   1.0798908e+04   1.1245464e+04   2.5761210e+04   2.5434150e+04   2.5681250e+04   2.1843067e+04   1.5625606e+04   2.0935782e+04   1.6064982e+04   1.7046708e+04   1.6263000e+04   1.4166508e+04   1.5524050e+04   1.4998715e+04   1.2147764e+04   1.3004571e+04   1.0843416e+04   1.1257487e+04
   1.0489933e+04   1.0550125e+04   9.9901163e+03   1.2456219e+04   1.4101979e+04   1.3941872e+04   1.3817632e+04   1.3965530e+04   1.3010760e+04   1.5897524e+04   1.2922783e+04   1.3848526e+04   1.2785118e+04   1.3437117e+04   1.1983097e+04   1.3388520e+04   1.2125041e+04   1.2003814e+04   1.1987062e+04   1.0446882e+04   7.8798157e+03   0.0000000e+00   8.3809004e+03   6.3196174e+03   1.1396365e+04   1.1608777e+04   1.3592294e+04   1.3396680e+04   2.0811989e+04   1.0091843e+04   1.0587825e+04   1.1293151e+04   1.5536374e+04   1.3444891e+04   1.3088025e+04   1.2040929e+04   1.1701874e+04   1.1808988e+04   1.0298394e+04   1.0522713e+04   1.2323357e+04   1.6247940e+04   1.0108829e+04   2.7786213e+04   3.3395005e+04   2.1209389e+04   3.3562125e+04   1.8939047e+04   3.0929202e+04   2.4405051e+04   3.3110273e+04   2.8841129e+04   2.1255099e+04   1.5930450e+04   1.9756166e+04   2.6122911e+04   1.7377599e+04   1.1950432e+04   1.6893742e+04   1.1023914e+04   1.4096735e+04   1.5201395e+04   1.2107081e+04   1.2861666e+04   1.7421549e+04   1.7508274e+04   1.5806860e+04   2.1560766e+04   2.2826480e+04   2.1199825e+04   2.1970626e+04   1.9831186e+04   1.5816983e+04   1.8517749e+04   2.0071317e+04   1.8533743e+04   1.6607012e+04   1.5876571e+04   1.5419231e+04   1.5543909e+04   9.5642745e+03   9.3954405e+03   9.1824643e+03   9.6185066e+03   2.1967907e+04   2.1874668e+04   2.1973298e+04   1.8539400e+04   1.4036795e+04   1.8709321e+04   1.4423453e+04   1.5245208e+04   1.4228501e+04   1.2471303e+04   1.3719567e+04   1.3254670e+04   1.1206911e+04   1.1935392e+04   9.9746552e+03   1.0382436e+04
   1.2931570e+04   1.2122409e+04   1.2277638e+04   1.3118475e+04   1.7292009e+04   1.7209257e+04   1.7102217e+04   1.7049238e+04   1.3777900e+04   1.7313286e+04   1.3398490e+04   1.5207785e+04   1.5867992e+04   1.6497911e+04   1.4318014e+04   1.5844878e+04   1.1582606e+04   1.2065692e+04   1.1829514e+04   1.0256701e+04   5.0015887e+03   8.3809004e+03   0.0000000e+00   8.2390213e+03   1.4319694e+04   1.4341923e+04   1.9205118e+04   1.6993284e+04   2.2927058e+04   1.1672342e+04   1.3147511e+04   1.2820109e+04   1.8484026e+04   1.6235725e+04   1.6380090e+04   1.5854579e+04   1.0972648e+04   1.2028069e+04   9.8248012e+03   1.0590912e+04   1.3573362e+04   1.7703025e+04   1.1391596e+04   3.0933329e+04   3.7397732e+04   2.4190861e+04   3.7755658e+04   2.1485411e+04   3.3486591e+04   2.5986310e+04   3.6709460e+04   3.0798968e+04   2.3100371e+04   1.8172463e+04   2.1952321e+04   2.8577745e+04   1.8440762e+04   1.2667400e+04   1.7926958e+04   1.2334338e+04   1.5617739e+04   1.5927404e+04   1.2759650e+04   1.3653978e+04   1.9563655e+04   1.9261065e+04   1.7495255e+04   2.3338874e+04   2.3588152e+04   2.2354023e+04   2.3212698e+04   2.1471299e+04   1.7426942e+04   2.0135574e+04   2.0961574e+04   1.9781601e+04   1.7028104e+04   1.6728726e+04   1.6192876e+04   1.6043841e+04   1.2353199e+04   1.2095631e+04   1.1393914e+04   1.1819243e+04   2.6333813e+04   2.5885345e+04   2.6131429e+04   2.2336743e+04   1.6216909e+04   2.1586727e+04   1.6597256e+04   1.7704435e+04   1.6772437e+04   1.4856645e+04   1.6069764e+04   1.5753211e+04   1.2579898e+04   1.3420054e+04   1.1654639e+04   1.2000463e+04
   1.1461315e+04   1.0927656e+04   1.0804106e+04   1.2589303e+04   1.6430265e+04   1.6254214e+04   1.6055391e+04   1.6163299e+04   1.4550904e+04   1.7271329e+04   1.4147191e+04   1.5082306e+04   1.3954814e+04   1.4827458e+04   1.3145429e+04   1.4524767e+04   1.3200605e+04   1.3082439e+04   1.3298066e+04   1.2150579e+04   7.1199210e+03   6.3196174e+03   8.2390213e+03   0.0000000e+00   1.3682763e+04   1.3350048e+04   1.5222366e+04   1.4747977e+04   2.0732394e+04   1.0869245e+04   1.1428357e+04   1.2049870e+04   1.7052059e+04   1.5009380e+04   1.4935159e+04   1.4058617e+04   1.2212776e+04   1.2068137e+04   1.0830824e+04   1.1313957e+04   1.3142500e+04   1.6570238e+04   1.3666008e+04   2.7053841e+04   3.2195177e+04   2.1612968e+04   3.2828220e+04   2.0034552e+04   3.0807664e+04   2.4515656e+04   3.2765123e+04   2.8151142e+04   2.1455364e+04   1.6977586e+04   2.0293693e+04   2.6209739e+04   1.7921816e+04   1.3643391e+04   1.8003994e+04   1.3075310e+04   1.4800546e+04   1.5759930e+04   1.3090080e+04   1.3970153e+04   1.9076596e+04   1.8900178e+04   1.7130289e+04   2.2551871e+04   2.3786386e+04   2.2006297e+04   2.3281650e+04   2.1374259e+04   1.6690953e+04   1.9388893e+04   2.0728522e+04   1.9291005e+04   1.7380441e+04   1.6829014e+04   1.6342256e+04   1.6188198e+04   1.1355562e+04   1.1301786e+04   1.1255891e+04   1.0733955e+04   2.2755329e+04   2.2496833e+04   2.2621904e+04   1.9707303e+04   1.5278617e+04   1.9321636e+04   1.5589456e+04   1.6466874e+04   1.5327480e+04   1.3530631e+04   1.4617534e+04   1.4236245e+04   1.2956292e+04   1.3469892e+04   1.2070243e+04   1.2172085e+04
