   0.0000000e+00   5.7599033e+03   5.7045315e+03   6.4358346e+03   1.0057769e+04   1.0301650e+04   9.8464109e+03   9.7769394e+03   9.3213289e+03   1.0041838e+04   9.5542158e+03   9.5921214e+03   8.7262263e+03   9.0614951e+03   8.4045771e+03   8.8951376e+03   7.9600087e+03   8.5196262e+03   9.0036640e+03   7.8816415e+03   7.9569988e+03   6.2770786e+03   8.2560770e+03   7.3407399e+03   1.0687969e+04   9.7258376e+03   1.2661224e+04   1.2131794e+04   1.8485971e+04   1.0439081e+04   1.1234394e+04   1.1122042e+04   1.4866076e+04   1.3073080e+04   1.3577329e+04   1.2337825e+04   1.0618467e+04   1.1323186e+04   1.0297799e+04   1.0666868e+04   1.0322092e+04   1.6769397e+04   1.7629932e+04   1.9964743e+04   2.0472280e+04   1.9170560e+04   1.9893889e+04   1.9239293e+04   1.9357566e+04   2.0233863e+04   2.0175044e+04   2.0317163e+04   1.3821124e+04   1.4726879e+04   1.8756510e+04   1.9414928e+04   1.4100333e+04   8.8179656e+03   1.1628115e+04   8.4087532e+03   1.0578186e+04   9.7182103e+03   9.4974399e+03   9.3716198e+03   1.8212669e+04   1.1822654e+04   1.0653213e+04   1.3889323e+04   1.5094587e+04   1.4741548e+04   1.4155039e+04   1.5328990e+04   1.1639759e+04   1.2807346e+04   1.4061031e+04   1.2963278e+04   1.1177340e+04   1.6014196e+04   1.6420197e+04   1.1172801e+04   7.6032174e+03   7.8251795e+03   7.4223799e+03   7.6260576e+03   1.5987384e+04   1.5312792e+04   1.9855858e+04   1.9140796e+04   1.2431725e+04   1.9494108e+04   1.1881015e+04   1.4454700e+04   1.1207634e+04   9.9631745e+03   1.0694825e+04   1.0645130e+04   9.1938080e+03   9.3579527e+03   9.0023739e+03   9.3342905e+03
   5.7599033e+03   0.0000000e+00   5.1299510e+03   5.7579529e+03   9.6662187e+03   1.0045901e+04   9.6466047e+03   9.2872225e+03   8.7734228e+03   1.0161730e+04   9.7258662e+03   9.8880676e+03   8.9742241e+03   9.1905181e+03   8.5080309e+03   9.2113141e+03   8.0402117e+03   8.3881118e+03   8.4582386e+03   7.8040964e+03   7.2941444e+03   6.7148064e+03   7.4410581e+03   7.0175568e+03   1.0516713e+04   9.8623163e+03   1.2687021e+04   1.1977978e+04   2.0093809e+04   9.7276462e+03   1.1012760e+04   1.0837483e+04   1.4732385e+04   1.3224114e+04   1.3624745e+04   1.2531878e+04   1.0205665e+04   1.0794519e+04   9.8284888e+03   1.0356207e+04   1.1578243e+04   2.0844506e+04   2.2475718e+04   2.4430161e+04   2.3816887e+04   2.1309871e+04   2.3020076e+04   2.2513983e+04   2.2743563e+04   2.3420183e+04   2.3487485e+04   2.3665490e+04   1.5119925e+04   1.6650476e+04   2.1768250e+04   2.2972929e+04   1.7072674e+04   8.9485495e+03   1.5029050e+04   8.3194428e+03   1.1359629e+04   9.9234521e+03   9.4893005e+03   9.6991690e+03   1.8179935e+04   1.1850226e+04   1.0651502e+04   1.4900566e+04   1.5322265e+04   1.4303253e+04   1.3822226e+04   1.5934893e+04   1.2003134e+04   1.2461012e+04   1.4625044e+04   1.2827013e+04   1.1551128e+04   1.6110519e+04   1.6841460e+04   1.1645097e+04   7.7232352e+03   8.1327219e+03   7.4528037e+03   7.6673365e+03   1.7982161e+04   1.7135966e+04   2.4048476e+04   2.3480701e+04   1.3162532e+04   2.3643395e+04   1.2243602e+04   1.5646739e+04   1.1432546e+04   1.0057575e+04   1.0628688e+04   1.0696347e+04   9.0759726e+03   9.2593050e+03   8.8107023e+03   9.2773825e+03
   5.7045315e+03   5.1299510e+03   0.0000000e+00   5.5333662e+03   1.0231878e+04   1.0551712e+04   1.0201838e+04   1.0064613e+04   8.9444482e+03   1.0194586e+04   1.0031629e+04   1.0003601e+04   9.1534915e+03   9.1071943e+03   8.8492809e+03   9.4251518e+03   8.7717980e+03   8.5639606e+03   8.5220856e+03   8.6369320e+03   7.2630512e+03   6.8268007e+03   7.8080225e+03   7.1371521e+03   1.1212321e+04   1.0030363e+04   1.3301461e+04   1.2544499e+04   1.9879417e+04   1.0432603e+04   1.1137589e+04   1.1088098e+04   1.4689582e+04   1.3173721e+04   1.3658193e+04   1.2318880e+04   1.0200870e+04   1.0640274e+04   9.6782506e+03   1.0471488e+04   1.0862278e+04   1.9550005e+04   2.1671422e+04   2.1954390e+04   2.1572017e+04   2.0568607e+04   2.1511334e+04   2.2042283e+04   2.0697976e+04   2.1478114e+04   2.1384369e+04   2.1073605e+04   1.4433501e+04   1.6056851e+04   2.0074452e+04   2.1123576e+04   1.5568609e+04   9.0311638e+03   1.4742837e+04   8.4943860e+03   1.0526805e+04   9.7595303e+03   9.3192579e+03   9.3963503e+03   1.8245573e+04   1.1774139e+04   1.0704174e+04   1.4296723e+04   1.5306847e+04   1.4419335e+04   1.4050269e+04   1.5671268e+04   1.1740960e+04   1.2683995e+04   1.4111877e+04   1.2854258e+04   1.1284407e+04   1.5705186e+04   1.6388048e+04   1.1402370e+04   7.4240360e+03   7.8607149e+03   7.3989464e+03   7.4719755e+03   1.6954973e+04   1.6301365e+04   2.3061879e+04   2.2505521e+04   1.2974878e+04   2.2916985e+04   1.2216342e+04   1.5070365e+04   1.1321236e+04   1.0102064e+04   1.0766657e+04   1.0785736e+04   9.3158609e+03   9.5486525e+03   8.9639858e+03   9.3304610e+03
   6.4358346e+03   5.7579529e+03   5.5333662e+03   0.0000000e+00   1.0307757e+04   1.0618836e+04   1.0433839e+04   9.9735323e+03   9.1018607e+03   1.0869888e+04   1.0454403e+04   1.0823160e+04   9.9883079e+03   1.0463565e+04   9.4269758e+03   1.0030397e+04   8.2638394e+03   8.8698006e+03   8.8636269e+03   8.1045538e+03   7.4083555e+03   7.7462173e+03   7.7326161e+03   7.9096220e+03   1.1431852e+04   1.0816296e+04   1.3809283e+04   1.2841246e+04   1.9240582e+04   1.0950337e+04   1.2003176e+04   1.1635325e+04   1.5305010e+04   1.4019261e+04   1.4334946e+04   1.3541157e+04   1.0531941e+04   1.0960373e+04   1.0164802e+04   1.1033136e+04   1.1535662e+04   1.9349555e+04   1.9487576e+04   2.3398922e+04   2.3660968e+04   2.1696358e+04   2.3158499e+04   2.1805300e+04   2.1970412e+04   2.2448452e+04   2.2522123e+04   2.3283016e+04   1.5146036e+04   1.6426088e+04   2.1598516e+04   2.1600172e+04   1.5879178e+04   9.6670818e+03   1.3858819e+04   9.0227317e+03   1.0599100e+04   9.5659256e+03   9.4356568e+03   9.7996453e+03   1.7796229e+04   1.2959835e+04   1.1907652e+04   1.5321054e+04   1.5704012e+04   1.4776920e+04   1.4294898e+04   1.5591507e+04   1.2419485e+04   1.2599433e+04   1.4692365e+04   1.3323746e+04   1.1297734e+04   1.4599581e+04   1.5290818e+04   1.1382808e+04   8.5405636e+03   9.0336531e+03   8.2812131e+03   8.5721545e+03   1.8811625e+04   1.7943398e+04   2.4173974e+04   2.3581173e+04   1.3806994e+04   2.3219763e+04   1.3056762e+04   1.6151268e+04   1.1947885e+04   1.1065723e+04   1.1536014e+04   1.1588698e+04   9.8393573e+03   9.8907108e+03   9.5919155e+03   9.8920078e+03
   1.0057769e+04   9.6662187e+03   1.0231878e+04   1.0307757e+04   0.0000000e+00   7.4451465e+03   7.4439810e+03   7.4643032e+03   9.4424828e+03   1.0470760e+04   1.0192859e+04   1.0542496e+04   1.1478064e+04   1.1394095e+04   1.0846268e+04   1.1247564e+04   1.0269934e+04   1.0123136e+04   1.0186896e+04   9.7027409e+03   1.1116628e+04   8.9987168e+03   1.1092507e+04   1.0977334e+04   9.9995109e+03   9.6241617e+03   1.1501931e+04   1.1207494e+04   2.0724598e+04   1.0839382e+04   1.1884846e+04   1.1996129e+04   1.5206875e+04   1.3919753e+04   1.4509176e+04   1.3501897e+04   1.1643325e+04   1.1973217e+04   1.1413442e+04   1.1633315e+04   1.3706382e+04   2.2305290e+04   2.3800853e+04   2.4900247e+04   2.3070309e+04   2.1167246e+04   2.2677783e+04   2.2850857e+04   2.2890912e+04   2.3597673e+04   2.3322396e+04   2.3368081e+04   1.6570238e+04   1.7936956e+04   2.2553818e+04   2.2963980e+04   1.7790865e+04   1.1302542e+04   1.5836640e+04   1.0393447e+04   1.3402678e+04   1.3145377e+04   1.2485962e+04   1.2669436e+04   1.7855948e+04   1.1975546e+04   1.1405132e+04   1.4688537e+04   1.6711509e+04   1.4763052e+04   1.4542303e+04   1.6157571e+04   1.4405792e+04   1.3893341e+04   1.6362710e+04   1.5151238e+04   1.3493839e+04   1.6284134e+04   1.6836449e+04   1.2678866e+04   1.1678309e+04   1.1570122e+04   1.1355882e+04   1.1368615e+04   1.7290262e+04   1.6555553e+04   2.3590033e+04   2.3781883e+04   1.3583960e+04   2.4155065e+04   1.2547523e+04   1.5940371e+04   1.2351107e+04   1.2013711e+04   1.2113278e+04   1.2025884e+04   1.0904542e+04   1.0925879e+04   1.0612070e+04   1.0771069e+04
   1.0301650e+04   1.0045901e+04   1.0551712e+04   1.0618836e+04   7.4451465e+03   0.0000000e+00   7.4492011e+03   7.2021721e+03   9.7540157e+03   1.0298239e+04   1.0065628e+04   1.0683604e+04   1.1654778e+04   1.1661905e+04   1.1153521e+04   1.1541926e+04   1.0534232e+04   1.0399696e+04   1.0532810e+04   1.0000743e+04   1.1610927e+04   9.2566541e+03   1.1401200e+04   1.1475948e+04   1.0064013e+04   1.0281780e+04   1.1676441e+04   1.1411268e+04   2.1654190e+04   1.0816995e+04   1.1674336e+04   1.1624195e+04   1.5209857e+04   1.4019200e+04   1.4634111e+04   1.3708860e+04   1.1880002e+04   1.2164854e+04   1.1539633e+04   1.2098984e+04   1.4694541e+04   2.3439653e+04   2.4831607e+04   2.6399797e+04   2.4811080e+04   2.2830418e+04   2.4563948e+04   2.4717440e+04   2.4332008e+04   2.5266284e+04   2.4668624e+04   2.4702658e+04   1.7345911e+04   1.8670475e+04   2.3729108e+04   2.4258399e+04   1.9144463e+04   1.1932002e+04   1.6495331e+04   1.1011216e+04   1.4325425e+04   1.3930694e+04   1.3269793e+04   1.3556410e+04   2.0006318e+04   1.2778277e+04   1.2215570e+04   1.5766919e+04   1.7173458e+04   1.5027978e+04   1.4801351e+04   1.6654103e+04   1.5299740e+04   1.4256155e+04   1.7164253e+04   1.5629862e+04   1.4040684e+04   1.6653117e+04   1.7571853e+04   1.3241525e+04   1.2383750e+04   1.2313326e+04   1.2197798e+04   1.2121238e+04   1.8356030e+04   1.7598555e+04   2.5254306e+04   2.5291560e+04   1.4492633e+04   2.5560245e+04   1.3374024e+04   1.6457714e+04   1.3158514e+04   1.2721158e+04   1.2796037e+04   1.2904396e+04   1.1398989e+04   1.1544751e+04   1.1286070e+04   1.1421606e+04
   9.8464109e+03   9.6466047e+03   1.0201838e+04   1.0433839e+04   7.4439810e+03   7.4492011e+03   0.0000000e+00   7.2841097e+03   9.6735608e+03   1.0195390e+04   9.9714746e+03   1.0336981e+04   1.1641591e+04   1.1420727e+04   1.1117573e+04   1.1497901e+04   1.0016543e+04   1.0206691e+04   1.0379643e+04   9.6631555e+03   1.1658910e+04   9.3075523e+03   1.1384227e+04   1.1515053e+04   1.0114493e+04   1.0479052e+04   1.1934572e+04   1.1444130e+04   2.1122769e+04   1.1069436e+04   1.2019721e+04   1.1872811e+04   1.5664964e+04   1.4197344e+04   1.4852272e+04   1.3684852e+04   1.1938183e+04   1.2465026e+04   1.1890152e+04   1.2212583e+04   1.4307496e+04   2.2643531e+04   2.4222070e+04   2.5427008e+04   2.3953016e+04   2.1909516e+04   2.3652234e+04   2.3657627e+04   2.3499936e+04   2.4239363e+04   2.3685471e+04   2.3964034e+04   1.6848821e+04   1.8196491e+04   2.3056208e+04   2.3196001e+04   1.8058326e+04   1.1529665e+04   1.6065139e+04   1.0489332e+04   1.3960210e+04   1.3673237e+04   1.3111349e+04   1.3335267e+04   1.8336596e+04   1.2567405e+04   1.2039966e+04   1.5378630e+04   1.6953928e+04   1.5078010e+04   1.4638746e+04   1.6284751e+04   1.5011469e+04   1.4236385e+04   1.6782453e+04   1.5403302e+04   1.3797852e+04   1.6286178e+04   1.7225641e+04   1.2836794e+04   1.2173797e+04   1.2185394e+04   1.2064806e+04   1.2039137e+04   1.7918926e+04   1.7219923e+04   2.4396629e+04   2.4448108e+04   1.4368863e+04   2.4829448e+04   1.3175579e+04   1.6583127e+04   1.3080495e+04   1.2685080e+04   1.2695635e+04   1.2786594e+04   1.1481266e+04   1.1469512e+04   1.1279855e+04   1.1498332e+04
   9.7769394e+03   9.2872225e+03   1.0064613e+04   9.9735323e+03   7.4643032e+03   7.2021721e+03   7.2841097e+03   0.0000000e+00   9.2605799e+03   1.0201433e+04   9.8794028e+03   1.0322264e+04   1.1293940e+04   1.1338522e+04   1.0814089e+04   1.1175125e+04   1.0040017e+04   9.9508032e+03   9.8703927e+03   9.3595441e+03   1.0801528e+04   8.8652705e+03   1.0916018e+04   1.0756393e+04   9.6461118e+03   1.0185489e+04   1.0998764e+04   1.0981000e+04   2.0396431e+04   1.0557492e+04   1.1660864e+04   1.1572886e+04   1.5492006e+04   1.4038487e+04   1.4639991e+04   1.3675068e+04   1.1276316e+04   1.1846077e+04   1.1390002e+04   1.1645568e+04   1.3666991e+04   2.1996187e+04   2.2931888e+04   2.5583552e+04   2.4673449e+04   2.1740816e+04   2.3375809e+04   2.2401893e+04   2.3514502e+04   2.4036976e+04   2.4010504e+04   2.4590572e+04   1.6485264e+04   1.7526719e+04   2.2528697e+04   2.3642355e+04   1.8460475e+04   1.1235187e+04   1.6043438e+04   1.0460880e+04   1.3533959e+04   1.3004854e+04   1.2284448e+04   1.2863309e+04   1.7990837e+04   1.2254587e+04   1.1423419e+04   1.5498624e+04   1.6713589e+04   1.4492544e+04   1.4513836e+04   1.5948966e+04   1.4553237e+04   1.3971030e+04   1.6343361e+04   1.4983934e+04   1.3220475e+04   1.6383754e+04   1.7119192e+04   1.2512912e+04   1.1603176e+04   1.1651780e+04   1.1321843e+04   1.1437039e+04   1.8127546e+04   1.7266340e+04   2.4138683e+04   2.3956508e+04   1.4028227e+04   2.4030564e+04   1.2881415e+04   1.6316069e+04   1.2668956e+04   1.1938721e+04   1.2179585e+04   1.2048515e+04   1.0924681e+04   1.0923160e+04   1.0558841e+04   1.0737550e+04
   9.3213289e+03   8.7734228e+03   8.9444482e+03   9.1018607e+03   9.4424828e+03   9.7540157e+03   9.6735608e+03   9.2605799e+03   0.0000000e+00   7.1036595e+03   7.0564442e+03   7.6278589e+03   1.0551467e+04   1.0331091e+04   9.7362593e+03   1.0501065e+04   8.3515447e+03   8.5296909e+03   8.1824803e+03   8.3392063e+03   9.4875896e+03   8.4177271e+03   9.0128376e+03   1.0067198e+04   1.1271437e+04   1.0267975e+04   1.2447980e+04   1.2370034e+04   2.0169721e+04   1.0339890e+04   1.0747759e+04   1.0207895e+04   1.5540036e+04   1.3746531e+04   1.3969798e+04   1.3122975e+04   1.0791260e+04   1.1484049e+04   1.0279498e+04   1.1191685e+04   1.1972670e+04   1.9624019e+04   2.2112909e+04   2.1715612e+04   2.1651728e+04   2.1036028e+04   2.2309342e+04   2.2937489e+04   2.0785106e+04   2.1593803e+04   2.1209922e+04   2.0876777e+04   1.5571060e+04   1.7179922e+04   2.0937847e+04   2.1043949e+04   1.5257005e+04   9.4567132e+03   1.4740383e+04   8.9142936e+03   1.2527464e+04   1.1620955e+04   1.0684620e+04   1.1166243e+04   1.8832475e+04   1.2014806e+04   1.1901314e+04   1.3981770e+04   1.4919787e+04   1.3039078e+04   1.2714121e+04   1.4798138e+04   1.2487737e+04   1.2914525e+04   1.4781724e+04   1.3206782e+04   1.0906339e+04   1.4932278e+04   1.5664655e+04   1.0888067e+04   9.8892198e+03   1.0256746e+04   9.6490103e+03   9.8884256e+03   1.6492623e+04   1.5946327e+04   2.2818140e+04   2.2677112e+04   1.2057539e+04   2.3129889e+04   1.1071528e+04   1.3804980e+04   1.2094534e+04   1.1181791e+04   1.1738354e+04   1.1694518e+04   9.6850374e+03   1.0042691e+04   9.7790852e+03   1.0079325e+04
   1.0041838e+04   1.0161730e+04   1.0194586e+04   1.0869888e+04   1.0470760e+04   1.0298239e+04   1.0195390e+04   1.0201433e+04   7.1036595e+03   0.0000000e+00   7.1097380e+03   7.6423970e+03   1.1138767e+04   1.1094332e+04   1.0544227e+04   1.1372617e+04   9.1708294e+03   9.6208008e+03   9.8989643e+03   8.7096659e+03   1.0868456e+04   9.7301923e+03   1.0579750e+04   1.1802620e+04   1.2159180e+04   1.1638197e+04   1.3150521e+04   1.2864594e+04   2.0961845e+04   1.0539571e+04   1.0721993e+04   1.0380989e+04   1.5749056e+04   1.3950991e+04   1.4308428e+04   1.3307849e+04   1.2006358e+04   1.2901134e+04   1.1772723e+04   1.2458052e+04   1.3702679e+04   2.1518278e+04   2.4004425e+04   2.3949510e+04   2.3671851e+04   2.2236603e+04   2.3593845e+04   2.3779913e+04   2.1869195e+04   2.3025664e+04   2.2506392e+04   2.2740903e+04   1.6878095e+04   1.8272601e+04   2.2468076e+04   2.2717716e+04   1.6916829e+04   1.1231551e+04   1.5737748e+04   1.1089109e+04   1.3992823e+04   1.3807010e+04   1.3076983e+04   1.3356391e+04   1.9660261e+04   1.3253232e+04   1.3250782e+04   1.5429906e+04   1.5476340e+04   1.3618877e+04   1.3175689e+04   1.5165372e+04   1.4180249e+04   1.3600433e+04   1.6365103e+04   1.4602477e+04   1.2991504e+04   1.6618510e+04   1.7267131e+04   1.3342816e+04   1.2057111e+04   1.2299364e+04   1.2064296e+04   1.2252165e+04   1.8545966e+04   1.7761664e+04   2.4246531e+04   2.4121226e+04   1.3223070e+04   2.3842413e+04   1.1896966e+04   1.5069521e+04   1.3072922e+04   1.2694852e+04   1.3110653e+04   1.3206598e+04   1.1891273e+04   1.2032293e+04   1.1943735e+04   1.2206825e+04
   9.5542158e+03   9.7258662e+03   1.0031629e+04   1.0454403e+04   1.0192859e+04   1.0065628e+04   9.9714746e+03   9.8794028e+03   7.0564442e+03   7.1097380e+03   0.0000000e+00   7.2119902e+03   1.0674556e+04   1.0602434e+04   1.0154315e+04   1.1057715e+04   9.0155321e+03   9.4900276e+03   9.7371692e+03   8.8503718e+03   1.0437845e+04   9.2453958e+03   9.9300542e+03   1.1244930e+04   1.1541389e+04   1.0890904e+04   1.2525364e+04   1.2078261e+04   2.0270123e+04   1.0435062e+04   1.0473231e+04   1.0214095e+04   1.5750917e+04   1.4061389e+04   1.4205890e+04   1.3273286e+04   1.1245418e+04   1.2369878e+04   1.1194593e+04   1.1884880e+04   1.3123105e+04   2.1302554e+04   2.3734438e+04   2.3791153e+04   2.3395258e+04   2.1829664e+04   2.3287047e+04   2.3574316e+04   2.1633921e+04   2.2897304e+04   2.2435687e+04   2.2377459e+04   1.6122479e+04   1.7594648e+04   2.2045563e+04   2.2411155e+04   1.6627756e+04   1.0770792e+04   1.5440036e+04   1.0565703e+04   1.3516595e+04   1.2991928e+04   1.2273750e+04   1.2978729e+04   1.9240345e+04   1.2419446e+04   1.2258854e+04   1.4692996e+04   1.5245114e+04   1.3215292e+04   1.2797089e+04   1.4922920e+04   1.3863430e+04   1.3708239e+04   1.5639809e+04   1.4314562e+04   1.2476624e+04   1.6370580e+04   1.6828059e+04   1.2575149e+04   1.1463159e+04   1.1817835e+04   1.1367860e+04   1.1669334e+04   1.7973761e+04   1.7257125e+04   2.4320798e+04   2.3915483e+04   1.2773442e+04   2.3603139e+04   1.1466008e+04   1.4574627e+04   1.2802193e+04   1.2273019e+04   1.2575644e+04   1.2602436e+04   1.1537571e+04   1.1503351e+04   1.1401396e+04   1.1633152e+04
   9.5921214e+03   9.8880676e+03   1.0003601e+04   1.0823160e+04   1.0542496e+04   1.0683604e+04   1.0336981e+04   1.0322264e+04   7.6278589e+03   7.6423970e+03   7.2119902e+03   0.0000000e+00   1.0958434e+04   1.0910924e+04   1.0427952e+04   1.1195604e+04   9.3951577e+03   9.8008897e+03   1.0103396e+04   8.9722755e+03   1.0518727e+04   9.1628735e+03   1.0415283e+04   1.1114073e+04   1.2019506e+04   1.0841236e+04   1.2582149e+04   1.2421567e+04   2.0013790e+04   1.0177804e+04   1.0347746e+04   9.9051825e+03   1.6093167e+04   1.4228305e+04   1.4469376e+04   1.3389117e+04   1.1955288e+04   1.2999604e+04   1.1866484e+04   1.2160213e+04   1.3131081e+04   2.0872297e+04   2.3516783e+04   2.3298567e+04   2.2915571e+04   2.1487868e+04   2.2854083e+04   2.2986056e+04   2.0797278e+04   2.2148819e+04   2.1772264e+04   2.1844848e+04   1.5970559e+04   1.7392594e+04   2.1644724e+04   2.2384338e+04   1.7051076e+04   1.1018997e+04   1.5562353e+04   1.0880196e+04   1.3697607e+04   1.3269994e+04   1.2384266e+04   1.3189314e+04   1.8972197e+04   1.2520180e+04   1.2271894e+04   1.4904505e+04   1.4993579e+04   1.3221307e+04   1.2842228e+04   1.4777245e+04   1.3808572e+04   1.3565551e+04   1.5622627e+04   1.4108130e+04   1.2586967e+04   1.6729853e+04   1.7229482e+04   1.3235804e+04   1.1550685e+04   1.1693241e+04   1.1191759e+04   1.1429864e+04   1.7711845e+04   1.6921636e+04   2.3975661e+04   2.3535963e+04   1.2527202e+04   2.2666187e+04   1.1273288e+04   1.4165332e+04   1.2563281e+04   1.2004532e+04   1.2376480e+04   1.2454589e+04   1.1601389e+04   1.1820102e+04   1.1708563e+04   1.1879640e+04
   8.7262263e+03   8.9742241e+03   9.1534915e+03   9.9883079e+03   1.1478064e+04   1.1654778e+04   1.1641591e+04   1.1293940e+04   1.0551467e+04   1.1138767e+04   1.0674556e+04   1.0958434e+04   0.0000000e+00   6.7732016e+03   6.5334478e+03   7.0515214e+03   9.3094539e+03   9.6004288e+03   9.6096491e+03   9.2845314e+03   9.7606966e+03   8.3322317e+03   9.9734446e+03   9.1326222e+03   1.2248754e+04   1.0991421e+04   1.3829225e+04   1.3023996e+04   2.1227450e+04   1.1242632e+04   1.1679396e+04   1.1683604e+04   1.2025336e+04   1.1168164e+04   1.0787757e+04   9.9849638e+03   1.0731677e+04   1.0500712e+04   9.8548394e+03   1.0724345e+04   1.3390822e+04   2.2080729e+04   2.3808309e+04   2.5810014e+04   2.5480149e+04   2.3253163e+04   2.4789249e+04   2.3961384e+04   2.3618331e+04   2.4618903e+04   2.4684790e+04   2.4873973e+04   1.4720775e+04   1.6376260e+04   2.1677934e+04   2.2661876e+04   1.8050628e+04   1.1224712e+04   1.6313220e+04   1.0226690e+04   1.2766495e+04   1.2334777e+04   1.1298351e+04   1.1456248e+04   1.9956402e+04   1.3793125e+04   1.2840569e+04   1.6025918e+04   1.7038083e+04   1.5750973e+04   1.5264938e+04   1.6672320e+04   1.1718796e+04   1.1978197e+04   1.4417265e+04   1.2656532e+04   1.2765485e+04   1.7079831e+04   1.8084607e+04   1.2740734e+04   9.9737718e+03   1.0388450e+04   1.0004207e+04   1.0111282e+04   1.8459651e+04   1.7585816e+04   2.5507259e+04   2.5226126e+04   1.4366532e+04   2.4517330e+04   1.3125992e+04   1.6455762e+04   9.8676403e+03   9.2923252e+03   9.5771415e+03   9.8129882e+03   1.0458291e+04   1.0703475e+04   1.0010419e+04   1.0625177e+04
   9.0614951e+03   9.1905181e+03   9.1071943e+03   1.0463565e+04   1.1394095e+04   1.1661905e+04   1.1420727e+04   1.1338522e+04   1.0331091e+04   1.1094332e+04   1.0602434e+04   1.0910924e+04   6.7732016e+03   0.0000000e+00   6.2432335e+03   6.7504401e+03   9.5816052e+03   9.9025329e+03   9.9157585e+03   9.5181114e+03   1.0084904e+04   8.4342198e+03   1.0286478e+04   9.7108042e+03   1.2222335e+04   1.0894067e+04   1.3823489e+04   1.3202889e+04   2.0636581e+04   1.1617784e+04   1.1852775e+04   1.1898096e+04   1.2045417e+04   1.1208797e+04   1.0838147e+04   9.8836094e+03   1.1133929e+04   1.0863550e+04   1.0197674e+04   1.0937464e+04   1.3287564e+04   2.1863771e+04   2.2927248e+04   2.4784980e+04   2.3831372e+04   2.2614995e+04   2.4127518e+04   2.3740794e+04   2.3273087e+04   2.3879581e+04   2.4216092e+04   2.4120446e+04   1.4703966e+04   1.6333239e+04   2.1523183e+04   2.2399101e+04   1.7446670e+04   1.1240189e+04   1.5936045e+04   1.0265893e+04   1.2482992e+04   1.2221556e+04   1.1211820e+04   1.1311493e+04   1.9051243e+04   1.3531076e+04   1.2740953e+04   1.5549487e+04   1.6721248e+04   1.5067373e+04   1.4974946e+04   1.6655838e+04   1.1435359e+04   1.1301161e+04   1.3867918e+04   1.2136517e+04   1.2612227e+04   1.6356928e+04   1.7516771e+04   1.2503148e+04   1.0231208e+04   1.0536142e+04   1.0236265e+04   1.0332478e+04   1.7613004e+04   1.7021848e+04   2.4947641e+04   2.4497934e+04   1.4103214e+04   2.4316042e+04   1.2902865e+04   1.5886443e+04   9.7112187e+03   9.2536922e+03   9.4983756e+03   9.6328916e+03   1.0525844e+04   1.0595584e+04   1.0217396e+04   1.0670503e+04
   8.4045771e+03   8.5080309e+03   8.8492809e+03   9.4269758e+03   1.0846268e+04   1.1153521e+04   1.1117573e+04   1.0814089e+04   9.7362593e+03   1.0544227e+04   1.0154315e+04   1.0427952e+04   6.5334478e+03   6.2432335e+03   0.0000000e+00   6.1191062e+03   9.1089636e+03   9.3613813e+03   9.4432678e+03   8.5485649e+03   9.5007916e+03   7.8577063e+03   9.5420426e+03   9.0424533e+03   1.1562555e+04   1.0191466e+04   1.3084020e+04   1.2664356e+04   2.0694039e+04   1.1048105e+04   1.1459428e+04   1.1502187e+04   1.2089721e+04   1.1254577e+04   1.0834248e+04   1.0062617e+04   1.0713255e+04   1.0615149e+04   9.7017724e+03   1.0654458e+04   1.2997250e+04   2.1373393e+04   2.2469605e+04   2.3910396e+04   2.3638223e+04   2.2668318e+04   2.3911594e+04   2.3667785e+04   2.2964661e+04   2.4026513e+04   2.3547307e+04   2.3364337e+04   1.4566642e+04   1.6098404e+04   2.1858516e+04   2.2247784e+04   1.7162991e+04   1.0455593e+04   1.5625813e+04   9.7099020e+03   1.1888919e+04   1.1604157e+04   1.0711547e+04   1.0387560e+04   1.8623176e+04   1.2757873e+04   1.1829931e+04   1.5435271e+04   1.6391498e+04   1.4883319e+04   1.4715918e+04   1.6398260e+04   1.0961160e+04   1.0952726e+04   1.3674665e+04   1.2033144e+04   1.1852725e+04   1.6526201e+04   1.7104711e+04   1.1858348e+04   9.6177758e+03   9.7995142e+03   9.3967793e+03   9.4283234e+03   1.7702637e+04   1.6895481e+04   2.4742390e+04   2.4417408e+04   1.3526189e+04   2.4111300e+04   1.2331680e+04   1.5780903e+04   9.5650452e+03   9.0992087e+03   9.3817862e+03   9.6452820e+03   9.9070726e+03   9.8498630e+03   9.5541134e+03   9.9220264e+03
   8.8951376e+03   9.2113141e+03   9.4251518e+03   1.0030397e+04   1.1247564e+04   1.1541926e+04   1.1497901e+04   1.1175125e+04   1.0501065e+04   1.1372617e+04   1.1057715e+04   1.1195604e+04   7.0515214e+03   6.7504401e+03   6.1191062e+03   0.0000000e+00   9.3702301e+03   9.6211501e+03   9.8620639e+03   9.2165784e+03   1.0216291e+04   8.4904466e+03   1.0332616e+04   9.4215767e+03   1.2078673e+04   1.0717673e+04   1.3815251e+04   1.3179870e+04   2.0135745e+04   1.1266063e+04   1.1867797e+04   1.1961228e+04   1.2365496e+04   1.1674760e+04   1.1174303e+04   1.0358966e+04   1.0999563e+04   1.0743930e+04   1.0065407e+04   1.0885870e+04   1.2849039e+04   1.9752312e+04   2.0133271e+04   2.3942756e+04   2.3503730e+04   2.0870819e+04   2.2395591e+04   2.0874762e+04   2.2310920e+04   2.2679890e+04   2.3021697e+04   2.3087114e+04   1.3476334e+04   1.4567948e+04   2.0206082e+04   2.1132961e+04   1.6602726e+04   1.0799951e+04   1.3809155e+04   9.9688047e+03   1.2247094e+04   1.2057937e+04   1.1228184e+04   1.0951280e+04   1.8929168e+04   1.3378136e+04   1.2421472e+04   1.5586027e+04   1.6380726e+04   1.5018467e+04   1.4919419e+04   1.6098612e+04   1.1531205e+04   1.1342497e+04   1.3286728e+04   1.2218449e+04   1.1935305e+04   1.6437338e+04   1.6827199e+04   1.1839131e+04   1.0150413e+04   1.0215453e+04   9.9291975e+03   1.0020402e+04   1.8227864e+04   1.7343559e+04   2.1861010e+04   2.1106583e+04   1.4062457e+04   2.0933532e+04   1.2854378e+04   1.6129530e+04   9.8380769e+03   9.5700142e+03   9.6987740e+03   1.0017551e+04   1.0315730e+04   1.0422022e+04   1.0027859e+04   1.0504977e+04
   7.9600087e+03   8.0402117e+03   8.7717980e+03   8.2638394e+03   1.0269934e+04   1.0534232e+04   1.0016543e+04   1.0040017e+04   8.3515447e+03   9.1708294e+03   9.0155321e+03   9.3951577e+03   9.3094539e+03   9.5816052e+03   9.1089636e+03   9.3702301e+03   0.0000000e+00   5.5415957e+03   6.1811157e+03   5.0665953e+03   8.6368864e+03   7.8425007e+03   7.6762520e+03   9.4087796e+03   1.1355748e+04   1.0089154e+04   1.3847502e+04   1.3118284e+04   1.9043805e+04   1.0325404e+04   1.0739970e+04   1.0603753e+04   1.4427691e+04   1.2921690e+04   1.3101340e+04   1.2230291e+04   8.7599523e+03   9.7522875e+03   8.5799361e+03   9.3430478e+03   1.2028520e+04   1.8482631e+04   1.8807409e+04   2.1158506e+04   2.1101849e+04   1.9438119e+04   2.0769439e+04   1.9855103e+04   1.9849521e+04   2.0796167e+04   2.0529701e+04   2.0495702e+04   1.4518885e+04   1.5627887e+04   1.9779423e+04   1.9821134e+04   1.3802413e+04   7.7131987e+03   1.1186372e+04   7.6456076e+03   1.1577255e+04   1.0820150e+04   1.0479439e+04   1.0722284e+04   1.8452445e+04   1.2709295e+04   1.1739781e+04   1.4473769e+04   1.5332048e+04   1.4403025e+04   1.3275407e+04   1.4861791e+04   1.2310508e+04   1.2636224e+04   1.4635078e+04   1.3461203e+04   1.0493962e+04   1.4840149e+04   1.5476067e+04   1.0272363e+04   9.7592451e+03   9.9679099e+03   9.3345692e+03   9.6479325e+03   1.7049118e+04   1.6430781e+04   2.1082433e+04   2.0144987e+04   1.2192600e+04   1.9486085e+04   1.1583038e+04   1.4473324e+04   1.1689977e+04   1.0340279e+04   1.1224101e+04   1.1139498e+04   8.2744419e+03   8.5993763e+03   8.4554551e+03   8.8301002e+03
   8.5196262e+03   8.3881118e+03   8.5639606e+03   8.8698006e+03   1.0123136e+04   1.0399696e+04   1.0206691e+04   9.9508032e+03   8.5296909e+03   9.6208008e+03   9.4900276e+03   9.8008897e+03   9.6004288e+03   9.9025329e+03   9.3613813e+03   9.6211501e+03   5.5415957e+03   0.0000000e+00   5.4484817e+03   5.6306765e+03   9.7821183e+03   7.9860089e+03   8.4018146e+03   9.7508745e+03   1.1179912e+04   1.0375297e+04   1.3849060e+04   1.3180874e+04   1.9408405e+04   1.0381602e+04   1.0636713e+04   1.0355486e+04   1.4402855e+04   1.2917619e+04   1.3098356e+04   1.2273480e+04   8.1126879e+03   9.1333983e+03   8.0158800e+03   8.7155928e+03   1.2416272e+04   2.0062966e+04   1.9822600e+04   2.3826678e+04   2.3588312e+04   2.1038909e+04   2.2481955e+04   2.0974825e+04   2.1368427e+04   2.1924939e+04   2.2107604e+04   2.2411019e+04   1.5284488e+04   1.6358734e+04   2.1182000e+04   2.1866317e+04   1.5613774e+04   8.2341375e+03   1.1629579e+04   8.0292860e+03   1.2874377e+04   1.1671842e+04   1.1056309e+04   1.1053208e+04   1.8691299e+04   1.2952957e+04   1.1901980e+04   1.5201033e+04   1.5911096e+04   1.4404014e+04   1.3433538e+04   1.5082207e+04   1.2634665e+04   1.3104112e+04   1.5189880e+04   1.3974092e+04   1.0372021e+04   1.4743807e+04   1.5533185e+04   1.0345508e+04   9.9453297e+03   1.0203611e+04   9.6211731e+03   9.9040822e+03   1.8807845e+04   1.7942433e+04   2.2510278e+04   2.1682178e+04   1.3261011e+04   2.0314399e+04   1.2215341e+04   1.5896808e+04   1.2109364e+04   1.0902715e+04   1.1727064e+04   1.1706799e+04   8.2012855e+03   8.4344120e+03   8.4362605e+03   8.7015721e+03
   9.0036640e+03   8.4582386e+03   8.5220856e+03   8.8636269e+03   1.0186896e+04   1.0532810e+04   1.0379643e+04   9.8703927e+03   8.1824803e+03   9.8989643e+03   9.7371692e+03   1.0103396e+04   9.6096491e+03   9.9157585e+03   9.4432678e+03   9.8620639e+03   6.1811157e+03   5.4484817e+03   0.0000000e+00   6.1460445e+03   9.3309040e+03   8.0354144e+03   8.4173408e+03   9.6025557e+03   1.1341822e+04   1.0515524e+04   1.4136157e+04   1.3438137e+04   1.9391729e+04   1.0442332e+04   1.0837898e+04   1.0373358e+04   1.4667473e+04   1.3057729e+04   1.3080679e+04   1.2386308e+04   7.6678967e+03   8.4635091e+03   7.3514262e+03   8.3005029e+03   1.2499604e+04   2.0609261e+04   2.0923973e+04   2.3548460e+04   2.3499471e+04   2.1109695e+04   2.2727344e+04   2.2049578e+04   2.2418022e+04   2.2427326e+04   2.2896473e+04   2.3365146e+04   1.4864872e+04   1.6308678e+04   2.1636769e+04   2.2270402e+04   1.6521519e+04   8.3249870e+03   1.3029501e+04   7.8495985e+03   1.2037655e+04   1.1418942e+04   1.0936750e+04   1.1044669e+04   1.7349903e+04   1.2684658e+04   1.1635463e+04   1.5345014e+04   1.6031587e+04   1.4486807e+04   1.3692882e+04   1.5053834e+04   1.2855770e+04   1.3226950e+04   1.5076185e+04   1.4014353e+04   1.0259458e+04   1.3449524e+04   1.4105275e+04   1.0375935e+04   9.7223151e+03   1.0035156e+04   9.3761606e+03   9.5765600e+03   1.8884012e+04   1.8183938e+04   2.4517239e+04   2.4216053e+04   1.3551562e+04   2.2846264e+04   1.2372221e+04   1.6048022e+04   1.1856294e+04   1.1261411e+04   1.2046410e+04   1.1962842e+04   8.1778720e+03   8.3836931e+03   8.1262137e+03   8.4612637e+03
   7.8816415e+03   7.8040964e+03   8.6369320e+03   8.1045538e+03   9.7027409e+03   1.0000743e+04   9.6631555e+03   9.3595441e+03   8.3392063e+03   8.7096659e+03   8.8503718e+03   8.9722755e+03   9.2845314e+03   9.5181114e+03   8.5485649e+03   9.2165784e+03   5.0665953e+03   5.6306765e+03   6.1460445e+03   0.0000000e+00   8.5944246e+03   7.6292582e+03   7.6956509e+03   9.1541021e+03   1.0968107e+04   1.0175693e+04   1.3044274e+04   1.2438658e+04   1.9183300e+04   1.0082962e+04   1.0550591e+04   1.0305370e+04   1.3996055e+04   1.2492860e+04   1.2560220e+04   1.2016248e+04   8.6896988e+03   9.7764722e+03   8.4892090e+03   9.0921905e+03   1.1985499e+04   1.9668869e+04   1.9223374e+04   2.3261325e+04   2.3764544e+04   2.1022707e+04   2.2507610e+04   2.0797774e+04   2.1607402e+04   2.2377748e+04   2.2151766e+04   2.2822506e+04   1.4606889e+04   1.5696445e+04   2.0647270e+04   2.1625859e+04   1.5438946e+04   7.7021819e+03   1.1297972e+04   7.6456373e+03   1.1914870e+04   1.0560036e+04   1.0380338e+04   1.0555660e+04   1.8293149e+04   1.2580868e+04   1.1583915e+04   1.5113048e+04   1.5513813e+04   1.3968437e+04   1.3353278e+04   1.4819675e+04   1.2090004e+04   1.2480777e+04   1.4552970e+04   1.3268906e+04   1.0255466e+04   1.4290066e+04   1.5110982e+04   1.0164741e+04   9.6896709e+03   9.9038416e+03   9.2196115e+03   9.4414709e+03   1.8490923e+04   1.7531971e+04   2.2051701e+04   2.1321326e+04   1.2397885e+04   1.9946768e+04   1.1572102e+04   1.5250020e+04   1.1268520e+04   9.8531497e+03   1.0761343e+04   1.0713331e+04   8.2163356e+03   8.4014252e+03   8.2626514e+03   8.5785911e+03
   7.9569988e+03   7.2941444e+03   7.2630512e+03   7.4083555e+03   1.1116628e+04   1.1610927e+04   1.1658910e+04   1.0801528e+04   9.4875896e+03   1.0868456e+04   1.0437845e+04   1.0518727e+04   9.7606966e+03   1.0084904e+04   9.5007916e+03   1.0216291e+04   8.6368864e+03   9.7821183e+03   9.3309040e+03   8.5944246e+03   0.0000000e+00   6.4349114e+03   6.0003237e+03   5.9485372e+03   1.1302067e+04   1.0611740e+04   1.2627369e+04   1.2069693e+04   2.1473873e+04   9.8924499e+03   1.0823730e+04   1.1095219e+04   1.3502456e+04   1.2400275e+04   1.2372644e+04   1.1864239e+04   1.0349643e+04   1.0741040e+04   9.6635933e+03   1.0601851e+04   1.2368023e+04   2.2237867e+04   2.3590936e+04   2.6309293e+04   2.6026476e+04   2.3994835e+04   2.5659352e+04   2.4862601e+04   2.4486409e+04   2.5406380e+04   2.5627147e+04   2.6129230e+04   1.6589603e+04   1.8062421e+04   2.3789626e+04   2.5022992e+04   1.8424663e+04   1.0345222e+04   1.6514652e+04   1.0017441e+04   1.2220858e+04   1.0694119e+04   1.0203771e+04   1.0792491e+04   2.0471567e+04   1.4270995e+04   1.3200357e+04   1.6773371e+04   1.7036609e+04   1.6096335e+04   1.5703481e+04   1.7439561e+04   1.3489952e+04   1.3451746e+04   1.6148361e+04   1.4215282e+04   1.2574506e+04   1.7154905e+04   1.8133947e+04   1.2697569e+04   8.3207023e+03   8.7101673e+03   7.9356555e+03   7.9772250e+03   1.9185198e+04   1.8457631e+04   2.5344103e+04   2.4894158e+04   1.3754784e+04   2.4352140e+04   1.2816787e+04   1.6221021e+04   1.1755821e+04   1.0472604e+04   1.1028613e+04   1.1073099e+04   1.0081986e+04   1.0293985e+04   9.6634237e+03   1.0056375e+04
   6.2770786e+03   6.7148064e+03   6.8268007e+03   7.7462173e+03   8.9987168e+03   9.2566541e+03   9.3075523e+03   8.8652705e+03   8.4177271e+03   9.7301923e+03   9.2453958e+03   9.1628735e+03   8.3322317e+03   8.4342198e+03   7.8577063e+03   8.4904466e+03   7.8425007e+03   7.9860089e+03   8.0354144e+03   7.6292582e+03   6.4349114e+03   0.0000000e+00   7.3369891e+03   5.8724008e+03   8.8016016e+03   8.1492111e+03   1.0359013e+04   9.8474115e+03   2.0370771e+04   8.6471087e+03   8.9811999e+03   9.4021709e+03   1.1849501e+04   1.0603418e+04   1.0935531e+04   1.0006288e+04   9.4445005e+03   9.9417610e+03   8.5540186e+03   8.9322826e+03   1.1366404e+04   2.0851780e+04   2.3152237e+04   2.4558679e+04   2.3939446e+04   2.2069919e+04   2.3520634e+04   2.3282714e+04   2.2761864e+04   2.3583095e+04   2.3647182e+04   2.3803338e+04   1.5164613e+04   1.6840123e+04   2.1809596e+04   2.3230376e+04   1.7399581e+04   9.0124747e+03   1.5293436e+04   8.4565190e+03   1.1838342e+04   1.1131369e+04   1.0169613e+04   1.0213841e+04   1.9669216e+04   1.2243312e+04   1.1142243e+04   1.5157598e+04   1.6396290e+04   1.4928993e+04   1.4178523e+04   1.6332943e+04   1.2183986e+04   1.2956723e+04   1.5229663e+04   1.3328640e+04   1.2038211e+04   1.7246459e+04   1.8188268e+04   1.2224080e+04   7.2815764e+03   7.4173058e+03   6.8466226e+03   6.7232759e+03   1.6137169e+04   1.5586894e+04   2.3538088e+04   2.3035981e+04   1.1678644e+04   2.2975771e+04   1.0812445e+04   1.4049068e+04   1.0091978e+04   9.0955596e+03   9.5994441e+03   9.6285001e+03   8.4868516e+03   8.8274292e+03   8.2304833e+03   8.7796994e+03
   8.2560770e+03   7.4410581e+03   7.8080225e+03   7.7326161e+03   1.1092507e+04   1.1401200e+04   1.1384227e+04   1.0916018e+04   9.0128376e+03   1.0579750e+04   9.9300542e+03   1.0415283e+04   9.9734446e+03   1.0286478e+04   9.5420426e+03   1.0332616e+04   7.6762520e+03   8.4018146e+03   8.4173408e+03   7.6956509e+03   6.0003237e+03   7.3369891e+03   0.0000000e+00   6.8277375e+03   1.1303310e+04   1.0389112e+04   1.3287684e+04   1.2415460e+04   2.1184019e+04   1.0052809e+04   1.0700527e+04   1.0788809e+04   1.3924620e+04   1.2633153e+04   1.3035652e+04   1.2175183e+04   9.6143992e+03   1.0475764e+04   9.1721650e+03   1.0013026e+04   1.1995741e+04   2.1682887e+04   2.3755592e+04   2.5138984e+04   2.5265226e+04   2.3568490e+04   2.4996360e+04   2.4401939e+04   2.3178529e+04   2.4227390e+04   2.4406969e+04   2.4462573e+04   1.6209419e+04   1.7951254e+04   2.2983670e+04   2.4526330e+04   1.7886532e+04   9.5475543e+03   1.5863804e+04   9.3900605e+03   1.2317288e+04   1.0647499e+04   1.0099425e+04   1.1020494e+04   2.0558842e+04   1.4058257e+04   1.2964224e+04   1.6409919e+04   1.6862920e+04   1.6040458e+04   1.5131427e+04   1.7157689e+04   1.3209844e+04   1.3756491e+04   1.5734637e+04   1.4233336e+04   1.2256270e+04   1.7405138e+04   1.8236694e+04   1.2535108e+04   8.4698791e+03   8.8303109e+03   7.9030795e+03   8.1195859e+03   1.8493803e+04   1.7782602e+04   2.5369475e+04   2.5069210e+04   1.3310506e+04   2.4522331e+04   1.2484757e+04   1.5807522e+04   1.1710886e+04   1.0186660e+04   1.0883177e+04   1.0896247e+04   9.6355421e+03   9.9937326e+03   9.4693412e+03   9.8595107e+03
   7.3407399e+03   7.0175568e+03   7.1371521e+03   7.9096220e+03   1.0977334e+04   1.1475948e+04   1.1515053e+04   1.0756393e+04   1.0067198e+04   1.1802620e+04   1.1244930e+04   1.1114073e+04   9.1326222e+03   9.7108042e+03   9.0424533e+03   9.4215767e+03   9.4087796e+03   9.7508745e+03   9.6025557e+03   9.1541021e+03   5.9485372e+03   5.8724008e+03   6.8277375e+03   0.0000000e+00   1.0893220e+04   9.8624155e+03   1.2211092e+04   1.1492007e+04   2.0957656e+04   9.6152908e+03   1.0289988e+04   1.0898292e+04   1.3262081e+04   1.2105974e+04   1.2342261e+04   1.1683097e+04   1.0175831e+04   1.0428909e+04   9.4093924e+03   9.9233565e+03   1.1990305e+04   2.1692070e+04   2.4191418e+04   2.5113381e+04   2.4471268e+04   2.2818077e+04   2.4224908e+04   2.4568337e+04   2.4308708e+04   2.5439075e+04   2.4799392e+04   2.4943670e+04   1.5985049e+04   1.7746500e+04   2.2746384e+04   2.4137003e+04   1.8558163e+04   1.0303136e+04   1.6582574e+04   9.8876696e+03   1.2267892e+04   1.1348821e+04   1.0692220e+04   1.0796242e+04   2.0765306e+04   1.4115011e+04   1.2671721e+04   1.6617767e+04   1.6825582e+04   1.5947942e+04   1.5812325e+04   1.7526571e+04   1.3364487e+04   1.3887683e+04   1.5910835e+04   1.4278379e+04   1.2776160e+04   1.7679631e+04   1.8581969e+04   1.2780251e+04   7.8129972e+03   8.0380155e+03   7.4139691e+03   7.2843771e+03   1.7912345e+04   1.7188470e+04   2.4466607e+04   2.4154891e+04   1.3167280e+04   2.3918353e+04   1.2340713e+04   1.5798984e+04   1.1119222e+04   9.8882573e+03   1.0324078e+04   1.0389992e+04   9.6301744e+03   9.8866360e+03   9.2731744e+03   9.6456148e+03
